18772	850	1087
18773	656	788
18774	362	363
18775	368	842
18776	841	881
18777	202	861
18778	261	1076
18779	1065	1261
18780	1142	1255
18781	847	886
18782	837	1111
18783	2104	2110
18784	508	516
18785	1094	1850
18786	848	873
18787	696	1631
18788	538	594
18789	534	2169
18790	677	2664
18791	287	1066
18792	1652	3202
18793	2165	9070
18794	2049	2050
18795	285	1564
18796	398	1228
18797	1117	1572
18798	151	152
18799	2103	2108
18800	678	681
18801	1562	1594
18802	2109	2129
18803	529	569
18804	505	1073
18805	943	1072
18806	2114	2185
18807	2641	3889
18808	553	586
18809	4732	4734
18810	142	1082
18811	2105	2117
18812	662	1440
18813	160	764
18814	2060	2065
18815	2124	2128
18816	6511	9217
18817	1610	2782
18818	690	3558
18819	18782	18778
18820	2152	2199
18821	1069	1171
18822	1390	1453
18823	353	1599
18824	1121	1191
18825	4279	4427
18826	1947	4372
18827	512	537
18828	18809	4730
18829	1106	1389
18830	2084	6273
18831	5663	6157
18832	373	686
18833	1070	1104
18834	514	535
18835	1156	1168
18836	1726	2622
18837	389	400
18838	513	525
18839	561	571
18840	2374	4515
18841	1677	2968
18842	365	2676
18843	1800	2098
18844	1330	1773
18845	1144	1241
18846	1556	1920
18847	1044	3011
18848	2078	2949
18849	2116	2133
18850	852	888
18851	124	895
18852	5534	5535
18853	2777	2778
18854	531	6490
18855	3524	3525
18856	5307	8642
18857	1199	1206
18858	4293	4489
18859	3406	6358
18860	3425	5728
18861	220	687
18862	2180	3458
18863	5438	5439
18864	2188	7978
18865	766	770
18866	2115	2193
18867	272	4078
18868	8648	8711
18869	7967	9074
18870	4755	7594
18871	1370	1373
18872	684	864
18873	760	4709
18874	1051	5743
18875	3212	4966
18876	4987	8407
18877	4425	4817
18878	2100	2107
18879	2020	2021
18880	3423	3435
18881	1147	1251
18882	4570	7387
18883	75	180
18884	1932	2211
18885	2125	2201
18886	1405	1569
18887	2550	2607
18888	1371	3560
18889	1115	6183
18890	840	2514
18891	3833	4077
18892	5547	5726
18893	3165	8485
18894	4383	4501
18895	430	431
18896	3849	4949
18897	2248	2296
18898	973	1017
18899	2070	5846
18900	865	882
18901	119	643
18902	419	566
18903	8143	8655
18904	765	3453
18905	2146	2179
18906	4723	4731
18907	4235	4523
18908	18788	526
18909	4457	5971
18910	18832	680
18911	528	558
18912	5514	9174
18913	1468	2649
18914	2102	2120
18915	193	597
18916	2351	2352
18917	898	5341
18918	1943	2355
18919	3176	5064
18920	1046	5754
18921	2888	4467
18922	358	1077
18923	524	549
18924	2460	2472
18925	527	562
18926	5086	5096
18927	1921	1922
18928	807	9157
18929	1029	1166
18930	64	2151
18931	4382	4443
18932	754	3432
18933	1463	1474
18934	2393	6292
18935	18843	18783
18936	2743	2761
18937	3564	3580
18938	598	950
18939	115	122
18940	3053	3068
18941	7363	8399
18942	3324	3649
18943	5734	5746
18944	856	1223
18945	18802	2106
18946	7600	8651
18947	2686	4069
18948	574	967
18949	168	198
18950	4090	4507
18951	1027	1042
18952	384	615
18953	2702	2903
18954	1158	2617
18955	18878	18811
18956	205	1793
18957	3018	8177
18958	3295	5468
18959	1890	6279
18960	1086	1089
18961	3336	3887
18962	5324	5963
18963	781	3450
18964	4936	6209
18965	9518	13437
18966	593	1103
18967	2803	8223
18968	3552	3604
18969	1314	1315
18970	1454	3796
18971	18955	18914
18972	1341	1355
18973	2672	2673
18974	1068	1114
18975	3370	3372
18976	4953	5542
18977	7082	7591
18978	2148	9056
18979	3632	4091
18980	1394	1396
18981	6158	6163
18982	1737	1740
18983	889	1177
18984	4188	4220
18985	1462	5174
18986	1170	1186
18987	630	673
18988	390	468
18989	585	948
18990	2013	3630
18991	858	2660
18992	5249	6488
18993	940	3850
18994	8670	8678
18995	350	1700
18996	2249	7261
18997	207	5809
18998	1025	1028
18999	2342	2354
19000	556	616
19001	2731	2770
19002	333	356
19003	3029	11777
19004	1489	1490
19005	2811	4762
19006	5255	6557
19007	4925	6705
19008	5104	5107
19009	1227	2521
19010	4445	6925
19011	1826	1833
19012	5113	7373
19013	688	689
19014	2281	3051
19015	2646	2650
19016	4366	4522
19017	8643	8691
19018	900	910
19019	313	359
19020	3846	5055
19021	2127	2149
19022	1239	6197
19023	3441	3442
19024	8657	8714
19025	876	893
19026	3828	5034
19027	2388	6461
19028	1123	5719
19029	2183	2200
19030	8661	8675
19031	2085	6293
19032	1011	2251
19033	5080	5112
19034	5504	5518
19035	742	773
19036	2632	2644
19037	239	2099
19038	5273	7268
19039	8718	8722
19040	6274	6298
19041	5044	5216
19042	2563	2575
19043	1063	1256
19044	4152	10810
19045	5672	7597
19046	5269	9113
19047	610	9085
19048	2797	2799
19049	4213	4519
19050	2336	4469
19051	1136	1152
19052	2112	2113
19053	3367	3603
19054	557	583
19055	277	325
19056	4192	4390
19057	4809	7385
19058	3419	3429
19059	2724	2746
19060	179	213
19061	8312	11308
19062	1397	1478
19063	8662	8669
19064	1101	6186
19065	1654	1687
19066	8496	8497
19067	2177	2202
19068	3134	3153
19069	1146	1159
19070	545	975
19071	1329	1351
19072	8666	8688
19073	1731	2605
19074	1062	1099
19075	1894	3573
19076	1948	7026
19077	3446	3452
19078	5999	6665
19079	4741	4742
19080	1386	1400
19081	7577	8845
19082	10918	12526
19083	8695	8707
19084	813	8592
19085	1578	3812
19086	2662	2668
19087	9805	11439
19088	3925	6347
19089	18806	2196
19090	9196	9207
19091	5352	5377
19092	8652	8659
19093	6536	6537
19094	1956	2377
19095	2074	6278
19096	9955	9958
19097	859	866
19098	2807	2819
19099	2487	2502
19100	4054	4098
19101	5091	5108
19102	18949	211
19103	19089	19029
19104	2600	5367
19105	4624	10922
19106	2292	7262
19107	1415	1439
19108	1095	6203
19109	4504	4524
19110	1167	1240
19111	11440	14972
19112	18856	8709
19113	18928	9189
19114	1157	6201
19115	7699	10570
19116	9160	9216
19117	20	929
19118	1649	1670
19119	8738	9374
19120	4965	6858
19121	7368	8777
19122	2737	2741
19123	2762	2776
19124	1093	1143
19125	3664	6747
19126	4157	5609
19127	11570	12527
19128	204	212
19129	2612	6494
19130	2871	2872
19131	238	245
19132	532	576
19133	4707	7022
19134	9158	9218
19135	18899	6296
19136	6711	8403
19137	2679	5489
19138	1944	4657
19139	2543	2582
19140	9185	9202
19141	1871	1949
19142	1896	2934
19143	225	4691
19144	1201	2615
19145	4946	5995
19146	5737	8249
19147	3167	5587
19148	5822	9751
19149	1192	1204
19150	267	304
19151	9176	9197
19152	947	966
19153	7050	7056
19154	1129	1250
19155	533	762
19156	3447	3456
19157	5879	5892
19158	3323	3327
19159	9067	9086
19160	10562	10571
19161	10620	11761
19162	2094	6317
19163	5725	5732
19164	9159	9172
19165	5673	5679
19166	125	10298
19167	3082	3097
19168	4994	6360
19169	2308	2327
19170	1407	1412
19171	5012	8404
19172	564	603
19173	9099	9115
19174	2535	2541
19175	3331	3341
19176	5451	5457
19177	668	1636
19178	3481	3492
19179	9053	9084
19180	366	2666
19181	4500	8402
19182	2341	2353
19183	438	479
19184	5750	8242
19185	6161	9293
19186	7952	7981
19187	5391	6785
19188	6309	6312
19189	1289	10736
19190	4206	7251
19191	1211	1231
19192	6923	6934
19193	9058	9076
19194	8544	8568
19195	8862	9871
19196	332	2911
19197	4301	4345
19198	6100	6113
19199	1119	1210
19200	6291	6327
19201	4547	4548
19202	568	570
19203	301	303
19204	434	477
19205	1200	1225
19206	9054	9060
19207	4651	4654
19208	10564	10592
19209	4493	4516
19210	5372	9163
19211	5782	5784
19212	18911	546
19213	6880	9960
19214	9069	9073
19215	4336	4356
19216	1132	1189
19217	3469	6224
19218	7941	7963
19219	4715	4717
19220	8360	9360
19221	995	1823
19222	3981	4128
19223	6022	8020
19224	6617	8560
19225	9055	9063
19226	4876	9460
19227	11783	11866
19228	1644	11085
19229	2092	2095
19230	5739	5740
19231	871	885
19232	2395	3593
19233	1126	1188
19234	5748	8248
19235	7348	7618
19236	4051	4085
19237	2381	4509
19238	18989	18938
19239	6561	6655
19240	18903	8665
19241	2696	5523
19242	4464	4468
19243	9052	9078
19244	7431	8959
19245	2391	2392
19246	2497	2506
19247	19164	19140
19248	1140	1197
19249	6927	6928
19250	4977	8401
19251	18943	8237
19252	18867	4494
19253	183	4322
19254	9057	9062
19255	8609	8614
19256	433	440
19257	1297	1301
19258	18974	18857
19259	3091	3111
19260	296	342
19261	5090	5093
19262	6495	6505
19263	4652	4819
19264	9066	9087
19265	4232	4249
19266	2533	2539
19267	4490	4520
19268	11679	11873
19269	4930	8396
19270	8492	12887
19271	4785	5070
19272	4716	4729
19273	1406	1413
19274	6389	6391
19275	1813	4294
19276	374	2659
19277	2171	2203
19278	10559	10577
19279	9103	9104
19280	3169	9002
19281	2538	5519
19282	3144	3705
19283	7105	9295
19284	5503	5522
19285	18848	6276
19286	19247	9184
19287	8397	8408
19288	3814	5336
19289	8682	8726
19290	5422	8772
19291	10557	10572
19292	5038	11311
19293	2499	3895
19294	18905	2181
19295	8400	8418
19296	1503	2669
19297	9854	9910
19298	14719	14971
19299	5302	5304
19300	10558	10587
19301	5003	6404
19302	4911	6849
19303	11856	11871
19304	19159	9064
19305	1546	1561
19306	5573	8261
19307	19151	19134
19308	190	7017
19309	1946	7935
19310	8832	8841
19311	2019	4379
19312	917	923
19313	8398	8413
19314	956	4139
19315	3992	8481
19316	1039	2299
19317	4751	4760
19318	2749	2764
19319	2266	2298
19320	8563	8569
19321	6142	10336
19322	19191	1133
19323	19072	8701
19324	14951	14980
19325	2040	4101
19326	5381	6165
19327	6085	6098
19328	2544	8958
19329	2059	3402
19330	1137	1163
19331	798	7988
19332	1470	6181
19333	3105	4692
19334	19307	19286
19335	7646	7647
19336	19294	19277
19337	6625	6650
19338	5955	9364
19339	4251	6515
19340	19233	19205
19341	14956	14987
19342	2217	2230
19343	3578	3589
19344	4505	4525
19345	5023	5029
19346	5469	6159
19347	1153	1202
19348	2981	3034
19349	1957	5105
19350	3732	5832
19351	1299	3168
19352	11755	11781
19353	8406	8415
19354	8227	14537
19355	4502	4518
19356	4059	4071
19357	2935	5729
19358	1984	2001
19359	5071	5554
19360	5042	9003
19361	5847	8068
19362	436	455
19363	19340	19322
19364	2858	3631
19365	7045	7046
19366	8611	8618
19367	8528	9298
19368	4863	4865
19369	19170	1465
19370	14952	14979
19371	5035	5051
19372	11784	11789
19373	3476	5787
19374	9080	9083
19375	5230	7293
19376	7791	10811
19377	7252	7266
19378	8176	8193
19379	4822	4825
19380	4497	4531
19381	6497	8219
19382	8501	9090
19383	4049	4057
19384	4740	4761
19385	2083	2089
19386	1105	1219
19387	14974	14986
19388	4964	4986
19389	11760	11788
19390	297	319
19391	959	968
19392	2482	2504
19393	7598	7602
19394	7826	9409
19395	10207	10213
19396	1212	1249
19397	1061	9116
19398	5437	5441
19399	1888	3052
19400	5996	6006
19401	1973	7955
19402	9306	10958
19403	4498	4521
19404	6127	6129
19405	2134	2176
19406	3021	3024
19407	5026	11280
19408	3464	3465
19409	19017	8654
19410	19010	1533
19411	5021	5056
19412	14947	14948
19413	11756	11786
19414	3415	3416
19415	3693	3719
19416	3825	3857
19417	2253	8236
19418	2461	2509
19419	5941	9128
19420	2835	3356
19421	1220	5025
19422	5020	11305
19423	414	457
19424	19095	2093
19425	14968	14977
19426	11778	17073
19427	4978	4979
19428	5670	5674
19429	4202	7399
19430	8996	9011
19431	2753	2767
19432	4378	4471
19433	2940	2953
19434	19083	18994
19435	6311	6320
19436	5354	5552
19437	6000	6011
19438	7522	7530
19439	10184	10816
19440	6174	9754
19441	19222	4747
19442	11759	11791
19443	14963	14981
19444	4967	4985
19445	4093	4107
19446	2184	2189
19447	6397	6398
19448	71	933
19449	1895	1910
19450	4976	10679
19451	6729	6857
19452	1422	1469
19453	1882	5869
19454	19355	19344
19455	4302	4343
19456	1316	1348
19457	1502	2663
19458	2458	2489
19459	4956	4997
19460	14960	14985
19461	11767	11771
19462	8410	8417
19463	2780	3813
19464	820	2973
19465	2170	2178
19466	1280	8973
19467	5615	8039
19468	1134	1175
19469	9853	9905
19470	5365	9373
19471	7672	9793
19472	5412	5418
19473	1819	10297
19474	5297	5327
19475	2967	2990
19476	13519	13520
19477	5544	5545
19478	19347	1238
19479	11292	11313
19480	10566	10575
19481	2456	2469
19482	5496	5499
19483	11757	11773
19484	4962	11799
19485	4307	4342
19486	3582	3587
19487	6462	6467
19488	1929	2300
19489	3426	3427
19490	9456	11729
19491	18996	18919
19492	19092	19030
19493	2675	2678
19494	14969	14970
19495	2303	8555
19496	10530	10863
19497	6695	6699
19498	19261	19008
19499	10843	14542
19500	19136	8414
19501	11274	11295
19502	11753	17072
19503	8014	8028
19504	8052	11498
19505	2459	2492
19506	4023	5849
19507	19492	18868
19508	4954	4961
19509	7948	7962
19510	1680	1681
19511	4441	4455
19512	2246	2254
19513	7595	7596
19514	7550	7586
19515	13130	13133
19516	6079	13281
19517	5500	5501
19518	2713	3860
19519	1116	1265
19520	857	890
19521	3485	10742
19522	4338	8742
19523	2843	2847
19524	2132	6134
19525	18983	1235
19526	19171	8409
19527	19482	5494
19528	19480	10569
19529	19386	1148
19530	1282	16058
19531	11279	11297
19532	4752	4763
19533	3074	3101
19534	11780	11782
19535	4487	4789
19536	19494	19443
19537	4963	5039
19538	4056	4114
19539	3535	4408
19540	2407	10640
19541	5030	10682
19542	8755	12627
19543	6402	12840
19544	8156	10915
19545	19054	596
19546	11296	11301
19547	5667	8993
19548	2457	2465
19549	6921	6935
19550	6285	6297
19551	3639	3640
19552	19513	19393
19553	3218	7042
19554	11752	11785
19555	2284	2289
19556	19536	18965
19557	1972	4775
19558	6005	6008
19559	12445	12528
19560	2147	2167
19561	5019	5045
19562	7000	7090
19563	9976	9983
19564	4950	4998
19565	2371	2375
19566	5058	6851
19567	9762	9763
19568	4881	7263
19569	6788	6798
19570	8551	8556
19571	5881	5887
19572	4068	4097
19573	3815	3854
19574	3255	7064
19575	9105	9129
19576	8825	8826
19577	9912	9916
19578	19525	1151
19579	19197	4313
19580	19056	4394
19581	11273	11299
19582	5226	7605
19583	7972	7973
19584	6493	7169
19585	5583	9356
19586	8412	8416
19587	5860	6601
19588	1531	1539
19589	11766	17069
19590	7379	7380
19591	7917	7921
19592	5036	10506
19593	9095	10487
19594	1108	1222
19595	9717	9720
19596	5867	6756
19597	10292	10293
19598	651	666
19599	3792	3794
19600	5851	6709
19601	19537	5040
19602	18946	8705
19603	19299	5343
19604	19025	868
19605	19055	291
19606	2474	2490
19607	11283	11298
19608	4714	9663
19609	7334	7351
19610	10209	10220
19611	4921	5706
19612	14539	14923
19613	8303	11408
19614	2996	3050
19615	7947	7977
19616	19162	19031
19617	5348	5384
19618	4404	4417
19619	8803	10613
19620	8810	9106
19621	1292	9986
19622	4929	10690
19623	1398	1430
19624	2319	2331
19625	1588	1767
19626	3634	3642
19627	7002	9245
19628	3597	3599
19629	19132	604
19630	18909	8694
19631	2488	2503
19632	1194	1207
19633	11285	11293
19634	4984	5018
19635	4124	4146
19636	2838	2840
19637	1964	3319
19638	9155	9170
19639	19483	18957
19640	6004	6013
19641	2141	2150
19642	5308	5333
19643	4099	11421
19644	7168	7188
19645	2262	2280
19646	1519	3340
19647	1374	4062
19648	4298	4344
19649	22	1014
19650	2318	5281
19651	2258	5766
19652	2015	2719
19653	3369	4710
19654	10574	10585
19655	6093	6094
19656	5426	9289
19657	2601	2611
19658	992	1674
19659	5507	6585
19660	14944	14953
19661	19586	19045
19662	2682	10809
19663	8853	8858
19664	19441	4739
19665	19024	8674
19666	19368	4853
19667	19615	7984
19668	1682	8350
19669	10514	11190
19670	4667	4673
19671	1450	1471
19672	2501	2508
19673	11275	11304
19674	4167	4183
19675	3109	3110
19676	4135	4137
19677	4377	4647
19678	4449	4453
19679	6664	6669
19680	6456	6459
19681	9017	9810
19682	757	811
19683	6658	12374
19684	19661	19007
19685	19639	19413
19686	11972	11989
19687	3284	3722
19688	7542	8966
19689	6602	6608
19690	1138	1145
19691	19449	1902
19692	14966	14984
19693	9065	9071
19694	2980	3802
19695	2481	2505
19696	11272	11288
19697	3740	3742
19698	19486	19343
19699	7097	13893
19700	326	357
19701	4225	9006
19702	2785	3786
19703	330	340
19704	903	939
19705	4993	5043
19706	4138	5967
19707	8377	9785
19708	8819	8828
19709	9156	9205
19710	7940	7942
19711	19371	19020
19712	4479	4480
19713	3421	3422
19714	725	3899
19715	5300	5322
19716	9049	9280
19717	9954	16748
19718	4753	5082
19719	6244	6762
19720	14962	14983
19721	11772	11855
19722	9051	9081
19723	2222	2234
19724	2495	2496
19725	1154	1236
19726	3744	6441
19727	4050	11404
19728	9008	9019
19729	5711	6830
19730	4158	5965
19731	5660	5712
19732	2658	2681
19733	3297	5511
19734	8395	10800
19735	4735	6108
19736	147	197
19737	6306	6324
19738	1816	1827
19739	19667	19583
19740	1385	1438
19741	5665	5680
19742	4079	4103
19743	19479	11290
19744	14954	14959
19745	15175	15186
19746	909	914
19747	9061	9082
19748	8153	9132
19749	963	11155
19750	2475	2478
19751	5446	5455
19752	827	8752
19753	3756	3759
19754	9153	9208
19755	4766	4767
19756	1164	1237
19757	5730	5752
19758	1761	6847
19759	131	6087
19760	8615	8617
19761	9296	9301
19762	2163	2187
19763	3591	3592
19764	9972	9975
19765	19085	18985
19766	11790	11862
19767	19616	19424
19768	9346	9358
19769	2599	2619
19770	3092	7250
19771	3230	10210
19772	5886	5888
19773	2995	3049
19774	6518	9881
19775	19184	8246
19776	19710	7959
19777	8664	8702
19778	6509	6516
19779	3830	3851
19780	5408	5414
19781	9117	9126
19782	14946	14964
19783	7070	7088
19784	2567	6396
19785	6202	6206
19786	1135	1260
19787	2155	2160
19788	9075	9079
19789	2473	2484
19790	1543	5786
19791	3070	3080
19792	2854	10447
19793	6471	6475
19794	6125	6128
19795	2720	2773
19796	19743	19292
19797	4297	4348
19798	3107	3328
19799	5703	5704
19800	918	924
19801	1931	10192
19802	3741	3743
19803	234	252
19804	575	11090
19805	19601	19564
19806	2610	8477
19807	19297	9855
19808	19090	9200
19809	19510	1650
19810	19043	18922
19811	7957	7968
19812	6411	6412
19813	8673	8684
19814	3843	3859
19815	8187	8195
19816	9110	9131
19817	5407	5415
19818	14967	14975
19819	7512	7515
19820	6193	6198
19821	584	592
19822	10194	10196
19823	6245	9602
19824	9050	9077
19825	6751	6753
19826	2466	2494
19827	4391	4393
19828	3017	3035
19829	19796	19581
19830	6424	6425
19831	6974	8977
19832	11852	11853
19833	6440	8816
19834	5623	5632
19835	9600	9601
19836	2639	2652
19837	4774	14393
19838	3798	5538
19839	2655	6554
19840	2135	2157
19841	5074	9424
19842	19201	4567
19843	19234	5017
19844	11507	11516
19845	9161	9204
19846	11031	11431
19847	7934	7986
19848	9372	9378
19849	3824	3845
19850	8197	8202
19851	7044	7065
19852	5563	14056
19853	9107	9111
19854	2386	2387
19855	5401	5402
19856	14961	14965
19857	5827	10984
19858	6190	6205
19859	19122	19059
19860	11561	15002
19861	8244	11011
19862	19396	19074
19863	6334	6336
19864	13479	13481
19865	1702	5686
19866	8141	8142
19867	1098	1185
19868	639	644
19869	19101	19033
19870	10112	10117
19871	2462	2464
19872	9722	9723
19873	9180	9195
19874	16044	16048
19875	19765	18970
19876	8486	8487
19877	6945	6954
19878	4430	4431
19879	905	906
19880	9278	15073
19881	2047	2055
19882	6575	6582
19883	8557	8564
19884	9421	16012
19885	4472	4474
19886	3572	3583
19887	3489	5713
19888	4514	4527
19889	1742	1743
19890	657	674
19891	19193	9068
19892	19289	8676
19893	11861	11870
19894	11509	11520
19895	14536	15730
19896	12530	12544
19897	4061	4075
19898	2634	2637
19899	954	984
19900	9177	9212
19901	5167	9434
19902	7933	7936
19903	3816	3847
19904	1861	1865
19905	7655	8346
19906	3474	9513
19907	14957	14978
19908	9108	9114
19909	4241	4242
19910	11706	12690
19911	2991	3041
19912	6196	6207
19913	19862	19154
19914	879	884
19915	19859	19795
19916	19840	19021
19917	6964	6965
19918	11735	12874
19919	8680	8698
19920	15181	15183
19921	7332	7335
19922	1803	1844
19923	2468	2470
19924	5016	5028
19925	4960	7352
19926	3584	4549
19927	1829	1845
19928	8999	9014
19929	3668	5306
19930	4749	4764
19931	7034	14264
19932	4481	4482
19933	5987	9965
19934	187	200
19935	3277	3281
19936	1928	7139
19937	3443	3444
19938	2626	6901
19939	5110	5111
19940	19202	542
19941	19309	7961
19942	19235	7614
19943	19469	9902
19944	19086	2670
19945	19608	4702
19946	11497	11512
19947	12535	12548
19948	1214	1230
19949	7027	7043
19950	19225	18869
19951	9210	9215
19952	5323	5345
19953	11574	11577
19954	4094	4109
19955	7928	7950
19956	11858	11877
19957	3848	3855
19958	19916	19067
19959	19913	19330
19960	13941	13944
19961	2138	2145
19962	10303	10385
19963	2315	2323
19964	14949	14950
19965	8775	8780
19966	9109	9118
19967	6195	6200
19968	3946	7430
19969	4957	7920
19970	9046	9047
19971	14543	15731
19972	4915	4920
19973	1821	2088
19974	3515	5233
19975	7944	7987
19976	6406	6887
19977	13316	13521
19978	1582	1608
19979	19602	19039
19980	5857	13847
19981	10573	10593
19982	19914	880
19983	19219	4703
19984	19456	1340
19985	19360	9023
19986	18907	4526
19987	1354	4699
19988	19606	19392
19989	11418	11422
19990	11508	11519
19991	19959	19725
19992	19958	19787
19993	7019	7029
19994	12531	12538
19995	19944	18991
19996	9165	9213
19997	11750	11768
19998	1097	1226
19999	10308	10313
20000	7958	7985
20001	11867	11872
20002	19531	19422
20003	5332	5339
20004	5022	15026
20005	19214	18978
20006	10225	12943
20007	8894	9138
20008	19924	19411
20009	4072	4074
20010	11210	11216
20011	5993	6010
20012	19898	19836
20013	3817	3838
20014	17082	18103
20015	6392	14629
20016	3797	3809
20017	2409	10206
20018	1091	2445
20019	6151	6246
20020	7366	7367
20021	9112	9121
20022	6223	6228
20023	5596	11009
20024	2007	3638
20025	2403	9728
20026	5617	9034
20027	14943	14982
20028	12045	12046
20029	8653	8660
20030	2982	3788
20031	4043	4414
20032	3689	3706
20033	10937	12207
20034	3330	3339
20035	5000	6933
20036	5420	5421
20037	7243	14181
20038	2595	2604
20039	19064	6204
20040	19312	928
20041	19302	6855
20042	5505	5512
20043	10490	10491
20044	11407	11429
20045	11339	13439
20046	11505	11511
20047	14540	14747
20048	12536	12546
20049	573	589
20050	8936	13031
20051	19296	19180
20052	7790	7792
20053	19458	19099
20054	7023	7038
20055	11775	11787
20056	19374	19206
20057	9154	9209
20058	1008	1010
20059	6122	10794
20060	12424	16011
20061	10226	14084
20062	7951	7983
20063	19501	19407
20064	4446	4458
20065	11900	11901
20066	3832	3836
20067	11863	11869
20068	9595	9598
20069	16051	16059
20070	4974	15030
20071	6313	6319
20072	4084	4111
20073	1993	2016
20074	3563	3568
20075	5745	5751
20076	9457	9458
20077	13502	13509
20078	7172	7187
20079	7059	7060
20080	5312	5338
20081	5992	6007
20082	5661	10396
20083	10089	10090
20084	3440	3457
20085	1904	1906
20086	1161	1229
20087	19231	19097
20088	12097	12102
20089	9122	9123
20090	8924	13947
20091	19991	19756
20092	20008	19459
20093	19992	19560
20094	11921	11923
20095	19919	8668
20096	4349	4358
20097	2986	3015
20098	19370	19341
20099	8671	8721
20100	11419	11433
20101	6282	6322
20102	12534	12552
20103	11506	11518
20104	20053	19789
20105	8846	8857
20106	8739	8754
20107	5276	8514
20108	7321	12164
20109	7021	7024
20110	7459	7461
20111	11776	17070
20112	5495	5497
20113	9171	9188
20114	9770	12238
20115	567	595
20116	449	458
20117	7086	7087
20118	19891	19254
20119	4400	4416
20120	19208	19160
20121	19696	19607
20122	2781	12620
20123	6431	6433
20124	10029	13478
20125	3826	3841
20126	6384	8877
20127	13156	13158
20128	11680	12475
20129	8730	9284
20130	5376	5392
20131	4233	9543
20132	19785	19009
20133	4066	4080
20134	19732	19276
20135	11859	11868
20136	4869	4873
20137	12958	16424
20138	8612	8619
20139	2121	2154
20140	3136	3171
20141	11588	11599
20142	9269	9271
20143	7471	7475
20144	5805	5808
20145	20087	19520
20146	2752	2757
20147	8245	8253
20148	1448	1451
20149	9459	9483
20150	1015	1049
20151	1173	1221
20152	3335	3338
20153	9015	10108
20154	6831	7820
20155	5685	9009
20156	4959	11270
20157	19948	1131
20158	19952	5337
20159	19149	1198
20160	19558	6009
20161	19928	8997
20162	19582	12275
20163	19761	9294
20164	19306	14538
20165	19287	19269
20166	19966	19620
20167	20098	19460
20168	10795	10803
20169	11977	11983
20170	10204	10216
20171	11410	11424
20172	19955	19811
20173	4308	4331
20174	12545	12550
20175	11504	11515
20176	8344	8353
20177	9173	9206
20178	6294	6315
20179	5024	15029
20180	4444	4460
20181	7016	7031
20182	8663	8693
20183	6637	6645
20184	19923	18924
20185	8512	10841
20186	6177	9764
20187	19264	19047
20188	8549	8559
20189	11758	11763
20190	1421	1427
20191	2532	2586
20192	6634	6646
20193	3837	3858
20194	7104	7106
20195	3455	12653
20196	435	444
20197	5491	5502
20198	13007	13008
20199	4401	4412
20200	1999	3637
20201	9203	9214
20202	4659	4674
20203	9379	9396
20204	6920	9599
20205	5388	5393
20206	20134	19493
20207	20132	20039
20208	1216	1217
20209	590	608
20210	9987	9993
20211	20121	19546
20212	11849	11865
20213	20095	20029
20214	2014	3930
20215	4451	4456
20216	5656	10906
20217	20167	19425
20218	6029	9775
20219	8062	8425
20220	19295	19250
20221	6628	11143
20222	19325	19100
20223	16046	16052
20224	12541	12543
20225	13409	13436
20226	10203	10219
20227	2023	6526
20228	11973	11980
20229	11406	11425
20230	19902	19218
20231	11500	11517
20232	9914	9915
20233	4315	4329
20234	8341	8347
20235	10306	10307
20236	7014	7040
20237	11659	16553
20238	6824	10589
20239	6280	6303
20240	7943	7990
20241	19998	19051
20242	19528	19291
20243	4316	4355
20244	11037	17369
20245	8358	8362
20246	5498	5515
20247	8813	9094
20248	2565	5098
20249	3439	13161
20250	19908	19781
20251	19724	19695
20252	731	826
20253	4975	5048
20254	2938	8805
20255	13565	13574
20256	12220	12221
20257	4447	4450
20258	8658	8692
20259	19843	19417
20260	19377	19190
20261	6565	6566
20262	15184	15191
20263	19642	19288
20264	19824	19788
20265	9000	9012
20266	5742	5749
20267	9716	10478
20268	4578	10242
20269	3821	3834
20270	7883	12615
20271	13383	16874
20272	1901	1912
20273	19690	19110
20274	9383	9388
20275	20211	19633
20276	20206	20051
20277	11754	17071
20278	2236	2242
20279	20160	19437
20280	8852	8860
20281	20149	20076
20282	10813	10815
20283	7115	7117
20284	9190	9201
20285	9287	9672
20286	10946	10955
20287	11927	12324
20288	19315	8484
20289	19104	5389
20290	19900	9178
20291	19866	11470
20292	19728	9010
20293	20197	5492
20294	19200	6323
20295	12273	12277
20296	8174	8200
20297	19893	19622
20298	20217	19720
20299	2356	2363
20300	15874	15877
20301	20220	19500
20302	2161	2164
20303	20222	19538
20304	8554	8562
20305	10791	10804
20306	19339	19129
20307	13428	13430
20308	16049	16055
20309	10208	10218
20310	2311	2328
20311	11409	11414
20312	12537	12540
20313	8546	8572
20314	11981	11993
20315	6287	6318
20316	20000	19847
20317	9904	9909
20318	20241	19124
20319	4318	4352
20320	3793	5296
20321	3006	3032
20322	11496	11510
20323	5005	6192
20324	8351	8355
20325	11199	11213
20326	20250	19816
20327	7969	7989
20328	7015	7020
20329	5453	5458
20330	6472	6478
20331	19867	19519
20332	10741	10744
20333	19625	19266
20334	8677	8724
20335	19826	19672
20336	5508	5521
20337	10578	10580
20338	13211	13614
20339	3891	3901
20340	1796	1801
20341	4459	4462
20342	20275	19673
20343	20264	19722
20344	20263	19070
20345	20260	19568
20346	20259	20147
20347	4849	6946
20348	466	469
20349	13384	16873
20350	20209	20115
20351	6394	6400
20352	9892	9893
20353	20190	19623
20354	10455	10456
20355	20159	19069
20356	6833	8735
20357	9872	9873
20358	13986	13997
20359	3310	3312
20360	2069	2087
20361	3661	6522
20362	19640	19400
20363	6730	6731
20364	12258	13146
20365	11137	11161
20366	5768	5785
20367	13486	13981
20368	19957	3839
20369	19502	11762
20370	20075	5747
20371	20163	9303
20372	19741	9013
20373	20298	19692
20374	10920	10927
20375	8184	8205
20376	13139	13141
20377	6573	6574
20378	20297	19227
20379	19954	19445
20380	1334	10382
20381	12684	12694
20382	16045	16053
20383	13422	13431
20384	20301	20165
20385	12539	12542
20386	2613	2620
20387	11976	11996
20388	10567	13394
20389	5695	5699
20390	10859	10861
20391	9145	9151
20392	4289	4320
20393	8548	8561
20394	11432	11434
20395	10789	10796
20396	19584	19262
20397	11502	11514
20398	6302	6321
20399	7028	7032
20400	9907	9913
20401	7116	7129
20402	3712	3716
20403	2983	3047
20404	12274	12281
20405	19853	19279
20406	20362	20011
20407	1699	1707
20408	20350	19940
20409	8506	8509
20410	20343	20005
20411	7490	7492
20412	20335	19750
20413	5010	11681
20414	2947	2951
20415	20331	20208
20416	4546	4574
20417	20316	20172
20418	9166	9169
20419	3868	3871
20420	4777	14364
20421	20293	19281
20422	20290	19210
20423	10094	10222
20424	6374	8951
20425	20284	19754
20426	3585	3606
20427	10028	14742
20428	7931	7971
20429	10202	10205
20430	2213	2223
20431	20205	19617
20432	7568	7569
20433	4133	4164
20434	6893	6895
20435	20158	19715
20436	20157	20086
20437	4436	4437
20438	11590	11593
20439	7508	7510
20440	7452	7457
20441	4579	10241
20442	12321	14083
20443	16418	17304
20444	4440	4454
20445	1756	1757
20446	8154	14761
20447	2360	2376
20448	10440	10441
20449	2306	2330
20450	20047	14745
20451	19318	2768
20452	19414	3437
20453	20034	3342
20454	19598	669
20455	19806	8479
20456	18666	18674
20457	20373	19387
20458	10916	10928
20459	13132	13136
20460	19426	19352
20461	6576	6579
20462	10309	10322
20463	20099	19665
20464	19956	19268
20465	8183	8191
20466	9496	15292
20467	19897	19383
20468	5464	5465
20469	19814	19416
20470	6748	6759
20471	9756	9759
20472	8012	8029
20473	6252	6262
20474	13429	13435
20475	19526	19353
20476	12687	12693
20477	11979	11995
20478	16040	16047
20479	8059	8430
20480	19517	19351
20481	20435	20080
20482	12529	12533
20483	8553	8558
20484	8182	10230
20485	20431	20130
20486	5543	5548
20487	11156	11162
20488	7711	8260
20489	20422	20113
20490	20410	19747
20491	20421	20042
20492	20417	20062
20493	20412	19418
20494	20405	20089
20495	5063	11804
20496	5405	5416
20497	2792	16871
20498	9750	15197
20499	5283	5289
20500	9911	9919
20501	20370	19757
20502	9148	9150
20503	976	982
20504	7025	7033
20505	5948	5954
20506	6286	6314
20507	10626	10630
20508	12204	12206
20509	7612	9981
20510	20351	19447
20511	12900	12903
20512	6123	6124
20513	5718	5721
20514	10363	13501
20515	12068	12089
20516	7585	9564
20517	3343	9412
20518	6067	9992
20519	2005	3633
20520	1016	1038
20521	13208	13210
20522	11501	11513
20523	11413	11428
20524	20257	20064
20525	11694	11695
20526	6949	6959
20527	4745	4770
20528	7358	7360
20529	2839	2844
20530	5084	5102
20531	13706	13709
20532	12037	12043
20533	1643	1661
20534	19763	19232
20535	6417	6423
20536	2260	2267
20537	6232	6239
20538	12272	12282
20539	8092	8096
20540	2851	16742
20541	10248	14256
20542	10790	10793
20543	3892	3894
20544	4989	5001
20545	7789	9490
20546	6632	6635
20547	10515	10528
20548	19670	4666
20549	20233	4341
20550	20177	9211
20551	20433	4162
20552	20429	10215
20553	19701	4628
20554	18954	6188
20555	20337	10576
20556	19680	6468
20557	20199	4419
20558	20094	11922
20559	20038	2598
20560	20494	20166
20561	4288	4332
20562	7078	7089
20563	20490	19243
20564	20489	19996
20565	19324	19298
20566	10919	10929
20567	18662	18668
20568	9355	9363
20569	20467	19356
20570	20460	19997
20571	20475	19313
20572	19963	19624
20573	8352	8354
20574	20481	20003
20575	20491	20112
20576	20378	20067
20577	20469	20193
20578	20463	19777
20579	8192	8204
20580	19941	19186
20581	13142	13144
20582	2690	6023
20583	15880	15886
20584	8704	15150
20585	11281	11286
20586	6578	6583
20587	10318	10319
20588	20452	19713
20589	20447	19565
20590	13408	13414
20591	4604	8364
20592	6749	6757
20593	12685	12691
20594	11982	11984
20595	16041	16042
20596	8681	8697
20597	3691	3701
20598	10529	12717
20599	7048	7063
20600	1285	11248
20601	8807	8808
20602	9753	9758
20603	1096	1215
20604	8550	8570
20605	2096	5958
20606	9776	9790
20607	4488	4536
20608	10775	13875
20609	11008	11015
20610	5767	5779
20611	20336	20246
20612	5144	5153
20613	2945	13736
20614	4083	6907
20615	9146	9147
20616	361	382
20617	9908	9920
20618	12547	12551
20619	12000	12850
20620	11495	11503
20621	2197	2198
20622	4545	9825
20623	20155	19865
20624	4891	4902
20625	2290	2294
20626	3311	4246
20627	2594	2621
20628	20097	19475
20629	11405	11415
20630	8269	12490
20631	1512	1522
20632	7030	7036
20633	8241	9261
20634	5568	5569
20635	8831	8838
20636	15048	15051
20637	14273	14736
20638	5471	6944
20639	8776	8781
20640	11803	11807
20641	7290	10021
20642	4872	4874
20643	20510	19784
20644	20501	20266
20645	19388	11802
20646	19550	6295
20647	20389	5694
20648	19961	2166
20649	19877	15765
20650	20348	463
20651	19880	16020
20652	19619	12776
20653	20565	19412
20654	18658	18664
20655	7073	7076
20656	20569	19572
20657	10921	10931
20658	20572	20449
20659	7427	7429
20660	4663	4672
20661	20464	20001
20662	10012	16546
20663	19442	19372
20664	11567	11582
20665	11474	11476
20666	8175	8186
20667	4304	4323
20668	20578	20182
20669	20577	20066
20670	1811	1838
20671	11276	11306
20672	15875	15887
20673	5285	5291
20674	10312	10314
20675	13182	13915
20676	20017	19610
20677	8995	9016
20678	3931	3935
20679	18100	18105
20680	3540	3542
20681	13417	13419
20682	20240	19637
20683	1646	1655
20684	5228	5229
20685	5399	5410
20686	6755	6758
20687	13135	13138
20688	11974	11992
20689	20430	19723
20690	11718	11719
20691	16462	16463
20692	7432	7435
20693	16056	16057
20694	20392	20319
20695	9991	10003
20696	6469	6479
20697	9037	9043
20698	19462	19181
20699	4603	8363
20700	19397	19046
20701	8055	8056
20702	5975	13190
20703	9731	12937
20704	11104	11105
20705	20332	19521
20706	12899	12904
20707	20299	19854
20708	9001	11730
20709	13292	13300
20710	5531	8823
20711	10488	10492
20712	12084	13861
20713	12378	12379
20714	8441	13611
20715	6581	6586
20716	6076	6117
20717	4148	4161
20718	2706	3170
20719	10825	10839
20720	20187	19179
20721	3685	3696
20722	4746	4759
20723	2907	2913
20724	6795	6797
20725	10419	13514
20726	7565	7588
20727	1914	5649
20728	7560	11549
20729	8122	12432
20730	19676	19635
20731	9422	14807
20732	9757	9760
20733	20588	20084
20734	12532	12549
20735	5843	5855
20736	12662	16902
20737	14006	14008
20738	13506	13512
20739	20503	19899
20740	19990	11499
20741	20295	12279
20742	20232	9901
20743	19910	12686
20744	20391	9152
20745	19790	5776
20746	19648	4287
20747	19345	11801
20748	8715	8720
20749	19967	19820
20750	15869	15876
20751	16321	16329
20752	20653	19111
20753	6434	6436
20754	8021	8027
20755	20483	20188
20756	19949	19553
20757	19846	19613
20758	3803	3811
20759	2139	2140
20760	13573	13575
20761	20189	19461
20762	10914	10917
20763	18671	18672
20764	19541	19450
20765	9788	9789
20766	11569	11572
20767	11765	14204
20768	4334	4353
20769	20178	19188
20770	11468	11469
20771	7077	7081
20772	5278	5293
20773	20309	19395
20774	7421	7423
20775	11309	11312
20776	13400	13406
20777	10315	10316
20778	20058	19649
20779	13418	13433
20780	8173	8199
20781	6845	6848
20782	9593	9620
20783	11985	11994
20784	19903	19849
20785	20428	20327
20786	11153	11159
20787	19892	19409
20788	4776	14396
20789	20386	19657
20790	20379	19647
20791	6449	14336
20792	6546	13240
20793	2011	3758
20794	5115	6350
20795	2307	2324
20796	8015	8016
20797	3081	3104
20798	5406	5417
20799	6896	6899
20800	20326	19173
20801	13137	13143
20802	11086	11089
20803	4557	4559
20804	7231	7238
20805	4855	4857
20806	12011	12026
20807	5558	5560
20808	5470	5478
20809	10149	10168
20810	9420	15308
20811	2758	2765
20812	9607	10495
20813	20196	19362
20814	10936	10940
20815	14057	14058
20816	12488	12492
20817	20173	20096
20818	20074	19628
20819	5303	5342
20820	8837	8843
20821	20152	19646
20822	5524	5527
20823	20720	19693
20824	3688	3698
20825	3073	3102
20826	9007	9022
20827	20707	20589
20828	20698	20571
20829	13028	13029
20830	12250	12252
20831	7559	10120
20832	20647	19611
20833	6247	6248
20834	6470	15864
20835	4660	4668
20836	1336	1368
20837	10743	13962
20838	3770	5459
20839	10812	15609
20840	16050	16054
20841	9300	9302
20842	10199	10201
20843	1790	1835
20844	20043	10493
20845	20471	9755
20846	19487	6473
20847	20278	2221
20848	20139	2174
20849	20740	19504
20850	20500	20317
20851	16557	16562
20852	19896	19127
20853	20749	19858
20854	4053	4087
20855	4002	8333
20856	19964	19856
20857	19988	19631
20858	15758	15762
20859	20747	19634
20860	8017	8018
20861	19989	19643
20862	10924	10925
20863	7735	7736
20864	10579	10581
20865	8944	8952
20866	20304	19570
20867	15004	15007
20868	20461	19659
20869	2143	2153
20870	20661	20212
20871	12833	12838
20872	20663	20055
20873	5796	5807
20874	11576	11578
20875	1789	1795
20876	20236	20181
20877	10007	10010
20878	7317	7323
20879	11471	11475
20880	5771	5788
20881	15881	15882
20882	6931	6936
20883	20769	20239
20884	18670	18675
20885	2263	2273
20886	6409	14628
20887	7080	7085
20888	5286	5290
20889	13425	13432
20890	15583	17370
20891	6647	6649
20892	9933	9937
20893	4339	4351
20894	7619	12752
20895	9778	9783
20896	11284	11302
20897	10310	10311
20898	8672	8712
20899	4326	4335
20900	13563	13568
20901	11911	11912
20902	12050	12058
20903	13388	13393
20904	13635	13636
20905	6752	6754
20906	5830	5831
20907	11139	11144
20908	10480	10481
20909	20368	19779
20910	6877	6882
20911	11141	11152
20912	1716	8976
20913	10263	10268
20914	453	472
20915	20334	19813
20916	4399	4410
20917	20303	20009
20918	8196	8201
20919	9537	9538
20920	8622	9319
20921	10857	10866
20922	7419	7428
20923	6442	6450
20924	3517	5361
20925	4560	4563
20926	20832	20513
20927	6629	8969
20928	20823	20056
20929	20817	20694
20930	3831	3853
20931	13035	13038
20932	12872	12876
20933	20226	20170
20934	9889	9890
20935	8926	12006
20936	12269	15269
20937	19758	19566
20938	271	334
20939	13009	13010
20940	20789	20627
20941	20785	20682
20942	7509	7511
20943	4448	4461
20944	8080	8081
20945	20744	20615
20946	20741	20538
20947	13260	13262
20948	9509	9510
20949	5883	5884
20950	19600	19506
20951	8851	8855
20952	7580	7581
20953	20650	20116
20954	96	12244
20955	12655	12656
20956	11800	11806
20957	3681	6063
20958	7819	7821
20959	5705	5717
20960	11986	11991
20961	7930	7974
20962	4373	4375
20963	20083	10091
20964	20168	10801
20965	20414	2946
20966	20568	9353
20967	20521	13209
20968	20781	6856
20969	19658	1653
20970	19974	5248
20971	20849	20620
20972	20856	19744
20973	20224	19947
20974	20757	20171
20975	15295	15296
20976	10582	10591
20977	9446	9448
20978	5898	5899
20979	19951	19709
20980	20850	20400
20981	5951	5952
20982	7482	7494
20983	15760	15763
20984	16551	16561
20985	20581	20459
20986	4089	4105
20987	5335	8593
20988	11571	11573
20989	20054	19993
20990	19534	19161
20991	5800	5815
20992	16021	16022
20993	8030	8032
20994	7216	7225
20995	5313	5319
20996	19567	19440
20997	9988	10000
20998	10001	10005
20999	15000	15005
21000	3737	3738
21001	7372	7381
21002	10376	14727
21003	19883	19320
21004	4554	4558
21005	6924	6937
21006	18663	18673
21007	15883	15888
21008	9641	9642
21009	4485	4671
21010	6251	7463
21011	9335	9342
21012	20315	20101
21013	11464	11472
21014	7100	7101
21015	20377	19882
21016	2136	2142
21017	9777	9786
21018	7180	13368
21019	3156	3178
21020	20349	20271
21021	19871	19505
21022	13389	13390
21023	9985	10011
21024	12143	12144
21025	5675	13634
21026	8667	8683
21027	12695	12696
21028	20125	19573
21029	6366	6372
21030	9973	9984
21031	9951	13991
21032	13043	13044
21033	20945	20502
21034	4321	4337
21035	7121	11607
21036	7314	12163
21037	20933	20676
21038	5116	5117
21039	17263	17693
21040	20928	20118
21041	20929	20549
21042	8088	12613
21043	6083	6107
21044	20917	19236
21045	20915	19063
21046	3229	3240
21047	20330	19793
21048	9704	9706
21049	20870	20135
21050	8190	8198
21051	20853	19912
21052	7119	12151
21053	13411	13438
21054	10393	10402
21055	14132	14138
21056	7303	7304
21057	20844	20711
21058	20843	20670
21059	8188	12133
21060	9437	14925
21061	10923	10926
21062	20826	20677
21063	2952	8801
21064	14184	14186
21065	13745	13746
21066	6361	6371
21067	14162	14164
21068	6960	6961
21069	8172	8180
21070	10604	13255
21071	10285	10286
21072	11360	11365
21073	14082	15100
21074	7068	7069
21075	11113	11117
21076	13362	14522
21077	13684	13688
21078	14090	14350
21079	13162	13163
21080	12019	15701
21081	5976	5979
21082	6508	6972
21083	1182	1247
21084	20069	19530
21085	9235	9896
21086	6345	6349
21087	7536	7545
21088	2216	2226
21089	3317	3321
21090	20639	19965
21091	8649	8679
21092	7841	9546
21093	10518	10519
21094	4565	4566
21095	10674	12226
21096	3497	6843
21097	6084	6091
21098	7425	7426
21099	6636	8975
21100	8474	8476
21101	9491	9495
21102	1090	1160
21103	20470	6750
21104	20585	11278
21105	20487	14229
21106	20496	5419
21107	20420	14394
21108	20402	3717
21109	20499	5279
21110	20921	10860
21111	20610	5769
21112	20885	2287
21113	20848	2173
21114	20811	2727
21115	20070	15032
21116	20631	1521
21117	20603	1209
21118	20584	15151
21119	16745	16747
21120	12237	12239
21121	20971	20322
21122	907	930
21123	11449	11455
21124	20457	19818
21125	4996	5004
21126	16552	16555
21127	20973	20618
21128	3249	3257
21129	2687	2698
21130	20861	20100
21131	12783	14240
21132	20960	20594
21133	20380	19962
21134	20742	20617
21135	7859	12307
21136	10429	10433
21137	2988	3023
21138	11575	11579
21139	6096	6106
21140	20989	20756
21141	7469	7472
21142	10320	10321
21143	15759	15766
21144	15619	16464
21145	12835	12836
21146	21049	19721
21147	2302	2312
21148	8022	8031
21149	18378	18380
21150	5774	5777
21151	21045	20258
21152	21047	20696
21153	9952	9959
21154	21037	19771
21155	21028	20784
21156	16023	16024
21157	21021	20857
21158	2017	2024
21159	20990	20761
21160	21015	20868
21161	20985	20376
21162	5804	5823
21163	7066	7244
21164	21012	20398
21165	9658	9661
21166	15001	15003
21167	20979	19845
21168	14910	14911
21169	18661	18665
21170	9505	9506
21171	15298	15301
21172	20966	19768
21173	19508	19444
21174	5085	5114
21175	12201	13731
21176	9990	9995
21177	10231	10232
21178	20123	19726
21179	12939	12940
21180	1642	1666
21181	10583	10590
21182	4701	6968
21183	13492	14635
21184	20943	20180
21185	4086	4095
21186	8513	8515
21187	20939	20198
21188	6701	13592
21189	10462	10463
21190	12107	17254
21191	7487	7488
21192	9779	9780
21193	5947	5949
21194	12261	13227
21195	7318	12167
21196	10953	10954
21197	15878	15885
21198	13689	13710
21199	6365	6367
21200	20866	20393
21201	11466	11473
21202	20133	20072
21203	13391	13395
21204	3746	3747
21205	20845	20186
21206	14702	14703
21207	4247	4257
21208	14694	15804
21209	437	445
21210	2979	3000
21211	13309	13310
21212	11013	11014
21213	8581	10517
21214	2750	2760
21215	20395	20305
21216	9980	9996
21217	20758	20030
21218	8740	8741
21219	15541	15548
21220	14788	14790
21221	10236	10244
21222	13302	13304
21223	11712	11713
21224	13054	13055
21225	5622	5625
21226	7051	7053
21227	10827	10833
21228	13940	13943
21229	8656	8725
21230	5957	5962
21231	13483	13489
21232	2158	2192
21233	5933	5938
21234	20476	12692
21235	20225	13420
21236	19770	7255
21237	20762	10930
21238	21074	7074
21239	20776	13402
21240	21030	9977
21241	21014	7102
21242	20234	8349
21243	21011	9333
21244	21000	3745
21245	20949	5890
21246	20820	8834
21247	19906	9511
21248	20802	11087
21249	19797	4292
21250	20432	7571
21251	20078	7179
21252	13413	13424
21253	20972	19087
21254	3904	3923
21255	2985	3001
21256	19894	19844
21257	17324	17325
21258	6688	6697
21259	21130	20311
21260	14821	14822
21261	11456	11460
21262	21127	20102
21263	21103	20905
21264	20375	19815
21265	21098	20922
21266	9880	9884
21267	4027	7904
21268	2688	6030
21269	13045	13049
21270	21132	19686
21271	11130	11133
21272	10165	10166
21273	12881	15208
21274	20656	19742
21275	16743	16751
21276	20980	19577
21277	8212	11538
21278	18101	18104
21279	14477	14479
21280	8530	8533
21281	8130	17231
21282	12234	12240
21283	10287	10288
21284	11412	11420
21285	15188	15190
21286	10858	10867
21287	20876	20632
21288	5799	5801
21289	1755	1763
21290	3220	3264
21291	7915	10358
21292	11318	11327
21293	10888	10889
21294	16556	16558
21295	16331	17577
21296	21155	20269
21297	8372	8374
21298	8058	8335
21299	9956	9957
21300	20685	19855
21301	16025	16026
21302	5317	5320
21303	21005	20882
21304	4718	13167
21305	12210	12211
21306	4786	4787
21307	5764	5772
21308	9351	9359
21309	5593	5597
21310	8024	8026
21311	20897	19999
21312	20576	19766
21313	19554	19003
21314	12468	12470
21315	3002	3016
21316	15297	15302
21317	15358	15362
21318	14395	14397
21319	11568	11581
21320	6842	6854
21321	12346	12353
21322	13872	13873
21323	11200	16268
21324	4924	14936
21325	10361	14622
21326	3095	3113
21327	9241	14451
21328	15223	16216
21329	18659	18667
21330	9870	12964
21331	4076	4104
21332	15807	15808
21333	20930	20018
21334	20925	20803
21335	20923	20753
21336	6675	6677
21337	6099	6105
21338	20888	19650
21339	20896	20671
21340	10473	10608
21341	8811	8815
21342	15761	15767
21343	10618	10619
21344	11112	11115
21345	11465	11477
21346	4194	4208
21347	9782	9787
21348	12711	12727
21349	10016	13205
21350	20824	20721
21351	6259	6263
21352	12796	17249
21353	11191	11195
21354	2707	7302
21355	2259	2272
21356	9469	9471
21357	15398	15399
21358	15174	15179
21359	12906	12908
21360	10362	14621
21361	5812	5821
21362	20801	20687
21363	7095	7096
21364	15027	15028
21365	15042	15050
21366	12569	14561
21367	3468	4948
21368	20773	20552
21369	16345	16346
21370	6148	9029
21371	20755	20604
21372	3027	3038
21373	6904	6905
21374	13976	13990
21375	8895	8897
21376	6870	15578
21377	20732	20602
21378	3590	3601
21379	17290	17291
21380	1691	3348
21381	5906	5907
21382	11813	12087
21383	15020	15023
21384	3499	4826
21385	3934	3937
21386	20715	20586
21387	7382	11845
21388	14175	14178
21389	4649	4655
21390	20646	20506
21391	4738	4754
21392	13458	13460
21393	13370	14116
21394	9882	9888
21395	3970	4265
21396	2826	16036
21397	21157	19246
21398	8345	8348
21399	10584	10588
21400	7470	7474
21401	5693	7673
21402	12290	12295
21403	14677	16693
21404	15872	15873
21405	21093	20547
21406	6630	6643
21407	7131	13321
21408	6237	6243
21409	20079	7049
21410	20981	5950
21411	20716	6104
21412	20998	9998
21413	20439	7514
21414	20999	15006
21415	20381	12688
21416	20908	10482
21417	20816	12489
21418	21135	7864
21419	20566	19969
21420	13284	13285
21421	21253	19782
21422	17197	17201
21423	13410	13421
21424	13504	13510
21425	21022	20903
21426	21262	19994
21427	21256	20231
21428	21259	20229
21429	2974	2994
21430	9891	9895
21431	16325	16328
21432	21264	19850
21433	4058	4064
21434	20659	19968
21435	6694	6696
21436	5231	5246
21437	13951	13954
21438	21235	20779
21439	11458	11459
21440	3896	3902
21441	21238	20562
21442	8446	8451
21443	18379	18381
21444	11426	11430
21445	8422	8426
21446	13337	16077
21447	6929	6932
21448	12611	12616
21449	20228	20169
21450	10147	10154
21451	21140	20504
21452	17320	17322
21453	10063	12162
21454	10834	10837
21455	3355	3359
21456	9798	16112
21457	5803	5819
21458	15176	15182
21459	14217	14619
21460	16554	16563
21461	14989	14990
21462	21026	20748
21463	21016	20869
21464	2689	16027
21465	11243	11244
21466	13350	14783
21467	1425	5506
21468	11586	11591
21469	21300	20798
21470	18095	18097
21471	12137	12140
21472	17142	17149
21473	9596	9597
21474	12712	12730
21475	14480	14482
21476	12382	15059
21477	14659	14661
21478	17531	17860
21479	5763	5778
21480	11716	11717
21481	3224	3232
21482	4637	12641
21483	13960	13965
21484	8256	8259
21485	4405	4409
21486	15196	15198
21487	9664	12256
21488	7140	7149
21489	16867	16875
21490	1903	11598
21491	16744	16750
21492	8023	8025
21493	14816	14825
21494	9692	10603
21495	13686	13696
21496	10399	10403
21497	4290	4296
21498	11566	11580
21499	20946	20404
21500	1799	1802
21501	15294	15303
21502	11888	11890
21503	14188	14191
21504	13579	13580
21505	9233	9236
21506	6056	6064
21507	6948	6951
21508	15442	15444
21509	20909	20013
21510	8869	8875
21511	8393	10909
21512	10468	10470
21513	12398	15319
21514	9408	9452
21515	14252	14259
21516	12233	12236
21517	15357	15363
21518	18660	18669
21519	3149	3162
21520	21209	20914
21521	14254	14255
21522	6829	6838
21523	11170	11175
21524	10229	10233
21525	19936	19644
21526	3192	3194
21527	10370	10371
21528	4259	6039
21529	9667	9668
21530	13223	13380
21531	10986	10987
21532	1627	14643
21533	14157	15427
21534	7018	7035
21535	21390	21164
21536	20768	20243
21537	20764	19303
21538	20772	20673
21539	11131	11135
21540	13095	13100
21541	12340	16133
21542	13053	13056
21543	11098	12961
21544	14160	14165
21545	21350	20032
21546	7484	7491
21547	13797	13803
21548	7130	15393
21549	3409	3412
21550	3557	3602
21551	21339	20775
21552	11146	11160
21553	10109	15127
21554	21274	20790
21555	4384	4797
21556	21240	20509
21557	8456	8461
21558	11952	11953
21559	5260	14924
21560	14195	16069
21561	21230	20605
21562	21228	20090
21563	7155	15290
21564	638	667
21565	13537	13539
21566	12719	12804
21567	10704	10705
21568	1893	1908
21569	15205	15206
21570	5579	15438
21571	21184	20341
21572	442	11118
21573	10616	10617
21574	13515	13518
21575	4407	4415
21576	7501	10527
21577	21110	20390
21578	8919	14666
21579	6510	6512
21580	8089	8093
21581	14407	14411
21582	1878	1881
21583	4788	4791
21584	20770	11467
21585	21032	13051
21586	21153	9963
21587	20983	15764
21588	20782	9617
21589	20986	4070
21590	20023	11012
21591	21122	938
21592	21314	12462
21593	21326	3089
21594	20736	16899
21595	19419	10317
21596	20358	13984
21597	21351	6260
21598	21327	9244
21599	21255	2993
21600	21247	9508
21601	20704	11100
21602	20633	9260
21603	20899	4354
21604	11206	11212
21605	21426	20734
21606	21419	20862
21607	21427	20175
21608	21425	21203
21609	21432	20666
21610	20783	20477
21611	21428	20394
21612	20474	20383
21613	12472	16622
21614	13412	13416
21615	10498	10499
21616	16324	16327
21617	16443	16446
21618	2978	2984
21619	16333	17767
21620	9243	11096
21621	13988	13995
21622	4781	4784
21623	7584	14570
21624	6689	6693
21625	4856	4864
21626	17196	17202
21627	13774	13776
21628	2977	2987
21629	14735	14740
21630	6778	13898
21631	9400	14316
21632	21441	19783
21633	11453	11454
21634	8424	8429
21635	20109	19308
21636	12081	12085
21637	20864	20238
21638	8047	8048
21639	16495	17408
21640	8450	13040
21641	18376	18386
21642	12869	14243
21643	10538	10545
21644	10426	10428
21645	20873	20144
21646	17376	17377
21647	8224	13120
21648	12305	12306
21649	5379	5386
21650	7787	15962
21651	17514	17519
21652	21007	20583
21653	16543	16548
21654	21017	20765
21655	9928	9935
21656	12888	12890
21657	11411	11416
21658	21124	20027
21659	14068	14071
21660	15814	15815
21661	12169	14794
21662	6038	13806
21663	7198	7207
21664	5321	5331
21665	320	338
21666	11329	11333
21667	20599	19851
21668	7479	7486
21669	13919	14150
21670	14274	15626
21671	6894	8300
21672	4720	4737
21673	128	134
21674	10238	10246
21675	16746	16753
21676	20324	19905
21677	14662	14663
21678	12357	12361
21679	5798	5820
21680	8896	8900
21681	12166	12170
21682	12830	12837
21683	11245	11247
21684	3893	3897
21685	17321	17323
21686	10177	10180
21687	11843	13594
21688	12473	12474
21689	6222	6257
21690	10432	10642
21691	9331	9336
21692	21551	21104
21693	21536	21249
21694	17808	17815
21695	14131	14372
21696	14820	14824
21697	17264	17990
21698	11895	11896
21699	10826	10831
21700	21538	21109
21701	18096	18106
21702	12447	17083
21703	4938	14457
21704	19817	19780
21705	12394	12396
21706	7118	7127
21707	12271	15268
21708	3228	13656
21709	20898	20596
21710	20877	20695
21711	20867	19860
21712	11814	11819
21713	15011	17332
21714	11724	11726
21715	10595	10598
21716	17144	17145
21717	21463	21232
21718	4592	4593
21719	12205	12208
21720	10762	14514
21721	10760	10763
21722	13442	13445
21723	10817	10885
21724	8604	11933
21725	21411	21139
21726	21410	21193
21727	9705	9708
21728	14744	14746
21729	13874	13876
21730	21400	21141
21731	14588	14589
21732	3172	3177
21733	15360	15361
21734	4402	4411
21735	21372	21210
21736	14476	14481
21737	12609	12610
21738	11830	11834
21739	15309	16000
21740	21301	20992
21741	3918	3919
21742	21318	20788
21743	10508	10511
21744	9623	9626
21745	13760	14752
21746	10054	10057
21747	5762	5780
21748	12091	12092
21749	7599	7601
21750	9688	10607
21751	21265	20774
21752	8129	9539
21753	10633	10634
21754	12732	12733
21755	10439	10442
21756	13532	13533
21757	8689	8696
21758	4019	14504
21759	7523	7524
21760	4569	4576
21761	12074	12117
21762	1291	1305
21763	13169	13170
21764	7786	7793
21765	13690	13692
21766	5299	5315
21767	21222	20709
21768	15094	15095
21769	13084	13615
21770	15178	15187
21771	5373	5409
21772	13862	13863
21773	16559	16560
21774	14359	14361
21775	20280	20105
21776	13282	13283
21777	7128	15392
21778	14485	14729
21779	6364	6370
21780	14623	14624
21781	5316	5340
21782	11228	11229
21783	5829	13846
21784	2939	2956
21785	10961	10962
21786	6917	10116
21787	7822	7823
21788	13109	13114
21789	14722	14723
21790	9299	9304
21791	21079	20249
21792	12319	12865
21793	7145	7146
21794	20466	15293
21795	20860	8019
21796	21286	10862
21797	21009	4484
21798	21481	3237
21799	20911	11136
21800	21496	10392
21801	21516	12243
21802	21500	1805
21803	21484	8262
21804	21486	15195
21805	20660	4669
21806	21471	12138
21807	21060	14922
21808	20714	13612
21809	6707	6713
21810	12302	12303
21811	20465	19378
21812	5921	5925
21813	2071	2075
21814	16006	16007
21815	21710	21412
21816	13945	13946
21817	21605	20174
21818	21263	20592
21819	21606	21061
21820	20046	19946
21821	21498	19953
21822	11204	11209
21823	14011	14014
21824	16223	16224
21825	6267	6268
21826	21709	21229
21827	21608	20388
21828	7212	7224
21829	13632	13633
21830	21610	20387
21831	20974	19331
21832	14579	14581
21833	5442	5448
21834	21430	20352
21835	21612	20590
21836	20763	20654
21837	12057	16705
21838	9124	9130
21839	13498	14007
21840	11684	11687
21841	6691	6700
21842	20478	20382
21843	12177	12179
21844	12224	12268
21845	20674	20462
21846	5037	5053
21847	7220	7221
21848	16100	16430
21849	17039	17041
21850	21584	20879
21851	4833	7654
21852	21635	20399
21853	21658	19907
21854	21654	21192
21855	8113	8114
21856	21652	20881
21857	16322	16326
21858	14427	16649
21859	369	379
21860	11534	11535
21861	14731	14738
21862	8547	8571
21863	10871	10875
21864	21600	21170
21865	6567	16242
21866	11323	16013
21867	1656	5546
21868	7812	9524
21869	21589	21185
21870	16547	16550
21871	11614	11615
21872	3135	3137
21873	21587	21143
21874	9989	10002
21875	16116	16117
21876	10224	10227
21877	8637	15348
21878	10257	10261
21879	21586	21299
21880	21585	21269
21881	9494	15037
21882	6020	6024
21883	11423	11427
21884	4641	10450
21885	17235	17236
21886	8049	8050
21887	12521	12522
21888	14249	15135
21889	8889	8898
21890	16440	16442
21891	14817	14818
21892	21574	20738
21893	13987	13994
21894	16908	17128
21895	12867	12868
21896	9883	9894
21897	9652	9657
21898	11943	11944
21899	7698	8338
21900	13560	13561
21901	10423	10424
21902	21542	21224
21903	4895	4906
21904	2414	2415
21905	12800	12841
21906	10649	10658
21907	21544	21067
21908	21546	20982
21909	4840	9819
21910	15612	15614
21911	16718	16723
21912	21539	21271
21913	6240	6255
21914	10006	10008
21915	11448	11457
21916	12831	12834
21917	11955	11958
21918	11531	11532
21919	13753	13754
21920	21524	21177
21921	18377	18382
21922	21519	21019
21923	9479	12494
21924	1899	7052
21925	13415	13427
21926	13198	13199
21927	4245	4252
21928	11324	11326
21929	6947	6955
21930	13491	13493
21931	4533	4534
21932	16749	16752
21933	12563	12575
21934	9307	9313
21935	5735	7005
21936	15288	15289
21937	12891	12893
21938	7774	14563
21939	13740	13742
21940	16898	16901
21941	17371	17373
21942	17195	17199
21943	8421	8423
21944	12366	12376
21945	21409	21226
21946	21414	21166
21947	11764	14053
21948	3042	3043
21949	12463	12467
21950	21399	21181
21951	12602	12603
21952	10502	10503
21953	7477	8640
21954	8882	8884
21955	10340	10341
21956	12768	14373
21957	2309	2325
21958	10715	10718
21959	8033	8036
21960	15232	15935
21961	5430	5434
21962	11242	11246
21963	4008	14444
21964	4796	4798
21965	12554	12555
21966	8203	8206
21967	4551	6414
21968	11382	11385
21969	21361	21162
21970	12251	12253
21971	8868	8870
21972	14246	14634
21973	4595	4596
21974	11346	15201
21975	13707	13708
21976	8470	8473
21977	6348	6354
21978	1664	10472
21979	14601	15071
21980	6430	12999
21981	908	921
21982	12004	12015
21983	11320	11325
21984	21220	20446
21985	7336	7346
21986	4680	4684
21987	21212	20609
21988	17319	17326
21989	2972	3012
21990	6702	13072
21991	5696	5700
21992	6242	8865
21993	7806	7807
21994	18098	18102
21995	14496	14497
21996	21740	21156
21997	8939	8948
21998	13505	13522
21999	9463	9464
22000	21679	5810
22001	21699	10830
22002	21686	10175
22003	21682	12832
22004	20248	5083
22005	21297	8373
22006	21302	5329
22007	20987	8594
22008	20214	3938
22009	19745	15189
22010	21317	15359
22011	21279	14478
22012	21429	3039
22013	21448	12614
22014	20424	8950
22015	21073	14085
22016	21036	12171
22017	20667	4330
22018	21309	5594
22019	21289	1760
22020	21223	11714
22021	21765	13705
22022	20919	9535
22023	21213	10525
22024	13950	13952
22025	10992	10994
22026	7640	7642
22027	21294	20851
22028	10695	10696
22029	16726	16734
22030	21820	20397
22031	11522	11523
22032	18410	18411
22033	21836	20456
22034	21835	20681
22035	12359	12360
22036	20754	20472
22037	20771	20655
22038	11880	11887
22039	8596	8599
22040	21449	20688
22041	9376	9384
22042	21237	20458
22043	17759	17762
22044	1905	4015
22045	14042	14043
22046	13274	13280
22047	11218	11219
22048	20048	19559
22049	18393	18394
22050	12075	12120
22051	11180	15790
22052	3562	3575
22053	2031	16301
22054	20895	20218
22055	7213	7222
22056	20328	19133
22057	21069	20918
22058	21845	20587
22059	21684	21440
22060	17431	17433
22061	11181	15793
22062	20044	19105
22063	21850	21201
22064	14061	14065
22065	17913	17915
22066	9272	9274
22067	18716	18720
22068	10171	10176
22069	11443	11445
22070	21856	21404
22071	15446	15450
22072	14917	14918
22073	14767	14768
22074	12038	12044
22075	11587	11592
22076	5678	5684
22077	14012	14016
22078	16868	16870
22079	20988	20874
22080	8007	8009
22081	13961	13963
22082	16879	16881
22083	6604	6605
22084	20875	20340
22085	10391	10401
22086	12597	16673
22087	18085	18091
22088	11641	11642
22089	3301	3308
22090	9614	9616
22091	12364	12372
22092	8489	11039
22093	8967	8972
22094	16081	16083
22095	15806	16777
22096	7566	7567
22097	14784	15385
22098	17411	17415
22099	11484	11485
22100	16118	16119
22101	10260	10264
22102	5234	5241
22103	10282	10284
22104	14600	17708
22105	8159	8160
22106	13567	13570
22107	9561	13174
22108	7218	7219
22109	16544	16549
22110	12048	13804
22111	11664	11666
22112	10943	10944
22113	21573	21343
22114	13480	13490
22115	5140	5163
22116	16786	16788
22117	10753	10783
22118	12300	12304
22119	7226	14001
22120	11946	14728
22121	9380	13193
22122	9931	9932
22123	6036	11253
22124	3684	3721
22125	14215	14330
22126	15650	15652
22127	6548	6549
22128	11205	11217
22129	12039	12040
22130	9435	9438
22131	11220	11222
22132	952	970
22133	33	82
22134	8111	8112
22135	10907	10908
22136	16441	16444
22137	1174	1190
22138	12395	12397
22139	15473	16407
22140	14216	14331
22141	5126	9433
22142	7689	7696
22143	6532	12453
22144	21282	21120
22145	21283	21071
22146	9142	9144
22147	10214	10217
22148	663	671
22149	14519	14523
22150	13934	13999
22151	21501	20975
22152	5708	5710
22153	8380	11277
22154	21479	21307
22155	12896	12897
22156	15750	15946
22157	10394	10404
22158	9120	9127
22159	6021	6040
22160	11926	11928
22161	8207	15917
22162	13651	13653
22163	9927	9930
22164	14693	14695
22165	20786	20221
22166	10169	10174
22167	11533	11540
22168	9903	9917
22169	14238	14239
22170	13171	13172
22171	10891	10892
22172	14446	14449
22173	11451	11452
22174	15617	15618
22175	4619	4622
22176	1331	1357
22177	13630	13631
22178	17563	17564
22179	16063	16064
22180	17198	17200
22181	6569	16241
22182	7965	9415
22183	13672	13674
22184	10646	10651
22185	17218	17222
22186	12287	16658
22187	4889	4896
22188	18383	18384
22189	12480	12484
22190	16323	16330
22191	3181	3184
22192	9714	9729
22193	609	620
22194	12349	12352
22195	13679	15381
22196	9634	9643
22197	7453	7460
22198	21969	20991
22199	5370	5395
22200	3292	5232
22201	8307	8311
22202	21322	20608
22203	21950	20976
22204	21331	20854
22205	14582	14583
22206	6533	12452
22207	7163	7166
22208	9288	12176
22209	15145	15146
22210	21290	21128
22211	14260	14263
22212	21873	20858
22213	10425	10427
22214	13423	13426
22215	6943	6953
22216	10995	10999
22217	5493	5517
22218	7878	8000
22219	14067	14072
22220	7315	7322
22221	13593	14657
22222	12871	12875
22223	3818	3842
22224	11480	11481
22225	12784	15312
22226	3978	3986
22227	9648	9649
22228	16151	16395
22229	13720	14369
22230	14819	14823
22231	8893	8899
22232	3617	3620
22233	9994	10009
22234	14508	16971
22235	7445	7451
22236	9734	9735
22237	21787	20958
22238	14626	14633
22239	9659	9660
22240	15554	15555
22241	21776	21420
22242	14143	17026
22243	15056	15057
22244	7004	11316
22245	12232	12235
22246	11934	11935
22247	13542	13544
22248	11693	11697
22249	6452	6504
22250	10103	14803
22251	17368	17374
22252	3757	3761
22253	9654	10621
22254	10766	10767
22255	10513	12775
22256	21715	10599
22257	21638	8045
22258	21629	14739
22259	21621	13996
22260	21677	14660
22261	21445	8428
22262	21624	6690
22263	21234	12689
22264	21657	11417
22265	21365	15041
22266	21615	10501
22267	21876	10223
22268	21487	13355
22269	21569	15207
22270	20912	13739
22271	21552	11157
22272	21549	3413
22273	21424	13513
22274	20702	14620
22275	21940	16896
22276	21356	9472
22277	21955	10342
22278	21948	3022
22279	21910	15613
22280	21904	2413
22281	21859	376
22282	21358	15185
22283	20561	4361
22284	21951	12604
22285	21174	5089
22286	21507	6962
22287	21754	12731
22288	16461	17111
22289	17186	17188
22290	12647	12648
22291	17608	17612
22292	22027	21460
22293	21795	21148
22294	17253	17256
22295	7857	17622
22296	14838	14839
22297	9944	9971
22298	15165	16296
22299	21454	20185
22300	22030	21607
22301	15658	15661
22302	21257	20060
22303	5698	5707
22304	16503	17337
22305	14466	14467
22306	16537	16538
22307	16194	16195
22308	16432	16433
22309	15546	15549
22310	21150	20880
22311	18717	18722
22312	21197	20750
22313	13953	13956
22314	22034	20889
22315	22033	20884
22316	21458	21285
22317	22042	20657
22318	13621	13626
22319	16447	16451
22320	12496	12500
22321	1365	14692
22322	21470	20679
22323	11060	11062
22324	13293	13297
22325	22048	20312
22326	8328	8330
22327	18412	18413
22328	22057	20296
22329	21932	21675
22330	14086	14232
22331	13959	13964
22332	15031	15033
22333	17312	17314
22334	13273	13276
22335	21683	21465
22336	15690	16238
22337	15810	15813
22338	11208	11215
22339	15214	15215
22340	16124	16125
22341	22063	20665
22342	17158	17160
22343	14705	14706
22344	7217	7223
22345	14128	14134
22346	14205	14206
22347	12491	12495
22348	17403	17405
22349	13791	13792
22350	16761	16764
22351	22058	20777
22352	17173	17177
22353	8157	8162
22354	21611	20523
22355	12465	12466
22356	16721	16722
22357	13581	13588
22358	13726	13729
22359	17006	17009
22360	10157	10158
22361	15428	16312
22362	22079	21319
22363	15404	15406
22364	13131	13134
22365	14774	16360
22366	17769	17772
22367	16800	16802
22368	3872	7681
22369	10418	10421
22370	7813	14398
22371	17136	17626
22372	12982	12984
22373	9	1344
22374	14114	14115
22375	17572	17573
22376	15156	15157
22377	16662	17507
22378	16979	16983
22379	16809	17729
22380	14934	14940
22381	12458	13213
22382	15454	15455
22383	13308	13888
22384	16080	16084
22385	17271	17272
22386	8232	8386
22387	22040	20314
22388	13789	13794
22389	22054	20606
22390	13074	16031
22391	17814	17816
22392	17328	17329
22393	11683	11686
22394	10761	10764
22395	16101	16102
22396	5250	5251
22397	16869	16872
22398	15599	15600
22399	15904	15906
22400	21042	20270
22401	7247	7248
22402	7495	7497
22403	9961	9962
22404	8288	8291
22405	16810	17730
22406	6813	12789
22407	15849	15855
22408	17760	17761
22409	21733	21517
22410	12455	14122
22411	13076	13077
22412	13382	13386
22413	14010	14015
22414	8610	8616
22415	11703	13252
22416	13904	15367
22417	16496	16578
22418	15019	15021
22419	13200	15601
22420	16141	16142
22421	2035	16302
22422	683	685
22423	13203	13204
22424	2997	3033
22425	14242	14244
22426	22151	21171
22427	13605	13608
22428	11644	11646
22429	13312	13315
22430	13763	13764
22431	2685	14533
22432	8278	8279
22433	7726	7727
22434	7842	9545
22435	13985	13992
22436	17121	17122
22437	15580	15990
22438	8880	8883
22439	10828	10838
22440	14380	14382
22441	13585	15526
22442	13365	15419
22443	16645	16648
22444	14701	14709
22445	16114	16115
22446	14452	14455
22447	14004	15266
22448	3875	7686
22449	17330	17331
22450	10772	15653
22451	6764	6766
22452	13320	13322
22453	10015	14584
22454	16755	16757
22455	16817	16821
22456	22037	20117
22457	12150	15611
22458	4266	4267
22459	13967	13970
22460	16601	16605
22461	8271	8306
22462	14127	14141
22463	12388	14460
22464	10952	10956
22465	11444	11446
22466	1352	1366
22467	14439	14440
22468	16416	16421
22469	8453	8464
22470	8723	9588
22471	12631	12633
22472	21937	21656
22473	14814	14815
22474	7344	7349
22475	22011	21736
22476	17536	17538
22477	10457	16016
22478	15426	16313
22479	21385	20678
22480	21195	20108
22481	22000	21457
22482	10411	10412
22483	7678	7680
22484	15742	15743
22485	15429	16308
22486	16785	16787
22487	12744	16385
22488	3778	8394
22489	5142	5159
22490	3998	4022
22491	11035	11044
22492	12100	12101
22493	4007	7875
22494	14224	16219
22495	15276	15277
22496	5770	9542
22497	11885	11889
22498	17999	18000
22499	12441	14547
22500	14469	15772
22501	2401	2406
22502	3222	11349
22503	16439	16445
22504	17987	17989
22505	16878	16880
22506	13218	13219
22507	12130	12135
22508	10338	10339
22509	10234	10235
22510	13485	13488
22511	14472	14473
22512	16256	16510
22513	17306	17307
22514	12078	15715
22515	7800	7848
22516	12976	12978
22517	13352	13353
22518	13446	13447
22519	13286	13288
22520	14182	14187
22521	10991	10993
22522	6568	6570
22523	16728	16733
22524	9696	9697
22525	12067	12077
22526	15492	16227
22527	14935	14938
22528	21930	21183
22529	247	2277
22530	14062	14063
22531	12375	12377
22532	10971	13376
22533	6101	6114
22534	21874	21023
22535	9382	9391
22536	14173	14176
22537	17077	17078
22538	9220	9221
22539	6803	6804
22540	6147	6154
22541	8208	8211
22542	10148	10152
22543	3314	3315
22544	14159	14161
22545	7756	7766
22546	20277	20111
22547	7420	10019
22548	22144	21801
22549	12191	12195
22550	11547	11550
22551	5175	5176
22552	7861	17621
22553	15803	15805
22554	17528	17529
22555	9315	9317
22556	7868	15501
22557	14615	14616
22558	12954	12980
22559	13317	13318
22560	14209	15544
22561	16950	16952
22562	15299	15300
22563	15732	15834
22564	4273	4278
22565	4438	10824
22566	9675	9677
22567	5141	5150
22568	13221	13222
22569	9455	17117
22570	5791	13494
22571	11249	11252
22572	6717	6720
22573	16664	17508
22574	13547	15148
22575	12503	12505
22576	11625	11635
22577	13536	13553
22578	11842	15316
22579	16846	16847
22580	15116	15117
22581	15109	15111
22582	13555	13556
22583	15659	15660
22584	8008	8011
22585	12428	12431
22586	21870	16545
22587	21868	9527
22588	21029	6369
22589	22207	7164
22590	22201	8313
22591	21082	15153
22592	22179	16062
22593	22169	14237
22594	22115	5148
22595	22138	12392
22596	22099	11489
22597	22126	15651
22598	22106	13571
22599	22118	12301
22600	21531	10988
22601	22112	10945
22602	22096	7556
22603	21555	4799
22604	22142	7697
22605	22068	10183
22606	22134	8115
22607	22137	1232
22608	21468	11589
22609	21885	17237
22610	22045	14044
22611	22174	15620
22612	22052	3607
22613	22182	7937
22614	21900	13559
22615	21844	12230
22616	22041	9377
22617	22035	12358
22618	21221	10243
22619	21727	9707
22620	21888	15134
22621	16188	16189
22622	22292	20984
22623	17751	17752
22624	11521	11526
22625	22248	21840
22626	13115	13117
22627	17404	17407
22628	12995	12997
22629	7916	12498
22630	22135	21511
22631	10269	10272
22632	9442	9443
22633	18395	18398
22634	7192	7194
22635	22239	21897
22636	17949	17951
22637	17968	17969
22638	16775	16776
22639	21438	20307
22640	16566	16568
22641	18124	18125
22642	14903	17935
22643	13835	13837
22644	18058	18059
22645	16987	16993
22646	15313	15314
22647	11914	11917
22648	18654	18655
22649	16603	16604
22650	22190	20751
22651	22325	20385
22652	17820	17821
22653	21696	21260
22654	14566	14567
22655	18641	18643
22656	17268	17269
22657	21633	21261
22658	15683	15684
22659	22312	20300
22660	18719	18721
22661	22329	20540
22662	3005	3048
22663	18225	18226
22664	6477	6481
22665	18572	18573
22666	8086	8095
22667	22036	20993
22668	16339	16342
22669	15414	15415
22670	22214	21423
22671	14608	14609
22672	16579	16581
22673	20522	19223
22674	12153	14298
22675	22231	21889
22676	22328	20579
22677	22128	21604
22678	5139	13712
22679	22233	21914
22680	7659	7668
22681	9475	9477
22682	12578	12579
22683	10434	10436
22684	12291	12297
22685	16261	16264
22686	7660	7664
22687	14199	14200
22688	18044	18046
22689	10661	10662
22690	7160	7162
22691	21646	20890
22692	15107	15113
22693	13907	13911
22694	14490	14495
22695	14301	14302
22696	13119	13121
22697	18408	18414
22698	13623	13624
22699	17953	17956
22700	21883	21444
22701	16719	16729
22702	10700	12929
22703	22362	20766
22704	21518	21006
22705	7609	12706
22706	11854	15722
22707	17156	17159
22708	21641	21443
22709	3873	3876
22710	9799	9809
22711	11795	11797
22712	16271	16272
22713	12325	16576
22714	12643	12644
22715	22211	21515
22716	7311	7312
22717	17025	17030
22718	16674	16675
22719	22205	21832
22720	12485	12493
22721	13343	13344
22722	12823	14346
22723	10997	11611
22724	17187	17189
22725	15216	15217
22726	16186	16205
22727	16210	16212
22728	6902	6903
22729	10539	10546
22730	4200	4229
22731	13271	13278
22732	15633	15634
22733	12034	12036
22734	16962	16965
22735	17602	17610
22736	15035	15431
22737	15371	17707
22738	18164	18168
22739	7908	12434
22740	4116	4121
22741	14550	14552
22742	11483	11488
22743	7808	7809
22744	14859	14861
22745	9515	11310
22746	17005	17008
22747	2036	7892
22748	16704	16706
22749	16889	16891
22750	15572	15573
22751	22191	21872
22752	15907	15908
22753	16105	16107
22754	12967	12969
22755	17282	17285
22756	15563	15566
22757	15795	16001
22758	8434	8435
22759	17381	17385
22760	21452	20731
22761	16450	16452
22762	981	989
22763	15851	15854
22764	15911	15913
22765	17574	17576
22766	18723	18725
22767	16171	16175
22768	17171	17180
22769	17176	17179
22770	15991	15993
22771	18529	18530
22772	14288	17845
22773	9522	15890
22774	9533	9534
22775	22262	21435
22776	16303	16626
22777	11536	11539
22778	11197	16274
22779	12214	12215
22780	1917	8218
22781	22154	21747
22782	17058	17059
22783	16005	16010
22784	16646	16650
22785	17605	17609
22786	12343	16131
22787	7831	7834
22788	11236	11237
22789	10947	10949
22790	16277	16278
22791	15137	16288
22792	11203	11207
22793	16079	16085
22794	16388	16392
22795	13727	13897
22796	14638	14639
22797	18361	18362
22798	12367	12371
22799	15210	15212
22800	14250	14262
22801	17568	17570
22802	7286	7637
22803	12172	12174
22804	7728	7731
22805	18347	18349
22806	22261	21943
22807	11063	11066
22808	16828	16829
22809	8790	16409
22810	12583	12584
22811	13236	13238
22812	13783	15543
22813	18020	18023
22814	10781	10785
22815	17861	17864
22816	21701	21278
22817	13777	13780
22818	14831	14832
22819	14400	14401
22820	15159	15161
22821	11688	11692
22822	20629	19727
22823	16293	16294
22824	14796	14797
22825	10932	10933
22826	17558	17559
22827	4201	14678
22828	11145	15924
22829	17273	17279
22830	7245	7249
22831	14118	17399
22832	5123	5124
22833	12902	14095
22834	13464	13469
22835	1053	1058
22836	16258	16259
22837	12194	12198
22838	13771	13772
22839	3995	3997
22840	10998	11001
22841	15247	15629
22842	18364	18365
22843	13658	13659
22844	17280	17281
22845	13097	13099
22846	16954	16955
22847	8231	8233
22848	3344	3350
22849	16487	16488
22850	10627	10629
22851	22013	21737
22852	14498	14505
22853	13036	13039
22854	14686	15796
22855	13800	13801
22856	22159	21882
22857	7718	8319
22858	22001	20719
22859	17084	17085
22860	16587	16588
22861	15064	15065
22862	13083	13085
22863	16763	16765
22864	16897	16900
22865	7603	14214
22866	14724	17094
22867	11101	11103
22868	17114	17116
22869	14019	14020
22870	5268	5282
22871	12005	12010
22872	12178	16067
22873	6474	6480
22874	9567	9568
22875	5242	5243
22876	17735	17736
22877	17251	17252
22878	16193	16196
22879	17221	17223
22880	14289	14291
22881	11441	11442
22882	15104	16320
22883	13453	13454
22884	11262	11264
22885	3354	14484
22886	12389	13090
22887	21099	20927
22888	21034	20893
22889	10324	10325
22890	8101	8105
22891	6792	6796
22892	15234	17034
22893	13781	13782
22894	12936	12941
22895	3155	3158
22896	15856	16319
22897	16217	16218
22898	16591	16592
22899	21345	21013
22900	7769	14875
22901	13111	13113
22902	7092	7093
22903	11227	16371
22904	11050	11053
22905	13768	13769
22906	21664	20995
22907	3390	3392
22908	9225	14927
22909	17739	17742
22910	14837	14840
22911	10650	10652
22912	13977	13979
22913	22317	20374
22914	16505	17338
22915	4837	14525
22916	22219	21659
22917	12093	12094
22918	11356	16917
22919	10832	10836
22920	7122	7126
22921	12847	12848
22922	16849	16850
22923	16349	16350
22924	15474	15475
22925	9531	9532
22926	8636	15520
22927	16685	16687
22928	15744	15746
22929	5838	5840
22930	771	803
22931	7438	7442
22932	12557	12570
22933	8987	8988
22934	16801	16803
22935	10092	10099
22936	22258	21861
22937	22259	21893
22938	22257	21886
22939	16428	16429
22940	17123	17124
22941	5758	5760
22942	13856	13857
22943	15564	15569
22944	14212	14213
22945	7389	7390
22946	14707	14708
22947	10068	10069
22948	9864	9865
22949	13747	13749
22950	1787	1804
22951	10864	10865
22952	15823	15824
22953	14193	14194
22954	8736	8737
22955	13879	13880
22956	21854	21347
22957	14293	16711
22958	186	188
22959	6810	6811
22960	7235	13719
22961	14453	14454
22962	15689	15691
22963	9571	9575
22964	15221	18056
22965	9812	9814
22966	9519	9520
22967	22335	21962
22968	15665	15668
22969	22316	21770
22970	16431	16434
22971	15839	15840
22972	14847	14854
22973	13323	13324
22974	12750	12751
22975	7635	7636
22976	1950	1952
22977	5120	5122
22978	16539	16541
22979	17192	17193
22980	16575	16589
22981	14171	15792
22982	7587	15596
22983	13968	13969
22984	5239	10469
22985	2510	13793
22986	12483	12486
22987	17819	17826
22988	16647	16652
22989	15347	15349
22990	12464	12469
22991	13583	13587
22992	13761	13762
22993	4648	4653
22994	17758	17763
22995	12289	16250
22996	15447	15449
22997	6439	14021
22998	7136	7137
22999	7273	16437
23000	14418	14419
23001	2264	2297
23002	21456	16113
23003	22344	7210
23004	21503	14189
23005	22088	11640
23006	22374	14117
23007	22290	16948
23008	22208	12180
23009	21570	15435
23010	21627	13775
23011	21548	7133
23012	22195	15382
23013	22346	14203
23014	22024	13955
23015	22162	13652
23016	22398	15598
23017	21670	15627
23018	22117	10782
23019	21823	14013
23020	22356	16724
23021	22104	14599
23022	22513	17305
23023	22525	12070
23024	22498	17998
23025	22114	13487
23026	22460	16602
23027	22549	12190
23028	22424	3028
23029	22444	14699
23030	22396	5252
23031	22418	15018
23032	22451	6765
23033	22427	13606
23034	22403	9964
23035	22305	14468
23036	22303	5715
23037	22491	11045
23038	22382	15456
23039	21871	11617
23040	13092	13108
23041	15540	17794
23042	11007	15379
23043	7748	7757
23044	10726	10728
23045	14750	14751
23046	5688	5690
23047	18748	18749
23048	16832	16836
23049	4031	4037
23050	18239	18242
23051	18546	18549
23052	22651	20482
23053	10727	10729
23054	18694	18696
23055	14562	14564
23056	13399	13403
23057	15169	15172
23058	17712	17713
23059	14024	17686
23060	8078	12442
23061	6823	6825
23062	22639	21053
23063	1279	12514
23064	22136	21617
23065	1510	1513
23066	11915	11916
23067	17052	17053
23068	7449	7450
23069	11879	11886
23070	22505	22082
23071	22251	21941
23072	14501	14506
23073	3771	6801
23074	13016	14437
23075	18024	18026
23076	22293	21492
23077	17719	17720
23078	14779	14780
23079	91	13815
23080	12852	12857
23081	14386	14387
23082	15773	17060
23083	8527	9833
23084	10671	10686
23085	18077	18079
23086	17625	17627
23087	17468	17470
23088	7747	7776
23089	17782	17785
23090	18703	18704
23091	14280	14281
23092	14107	14109
23093	15377	15378
23094	12017	12024
23095	15860	15866
23096	17413	17414
23097	12510	12511
23098	12946	12947
23099	18512	18513
23100	6997	6999
23101	8582	16857
23102	18740	18741
23103	14687	14689
23104	13681	13682
23105	7011	7012
23106	18305	18307
23107	16018	17545
23108	7869	7872
23109	17617	17618
23110	12524	12525
23111	22657	21439
23112	6775	6777
23113	17267	17270
23114	16120	16121
23115	15436	15437
23116	13901	13902
23117	15844	15846
23118	15970	15973
23119	16220	16221
23120	11620	17155
23121	11036	11038
23122	16499	16500
23123	18291	18292
23124	17836	17837
23125	9923	10965
23126	13364	16992
23127	7123	17347
23128	15747	15749
23129	13295	13301
23130	15010	17500
23131	15096	15228
23132	15552	15553
23133	21857	21616
23134	14648	14652
23135	12412	12413
23136	7650	7661
23137	916	16017
23138	11743	11747
23139	14805	14806
23140	18724	18726
23141	14486	17302
23142	21275	21119
23143	22653	21493
23144	12792	12795
23145	11259	13813
23146	13082	13091
23147	11397	11402
23148	15560	15565
23149	17455	17456
23150	18518	18519
23151	13639	13641
23152	16930	16931
23153	14513	17666
23154	7902	7906
23155	18313	18315
23156	16517	17633
23157	10899	12556
23158	16670	16671
23159	10351	10352
23160	15445	15451
23161	18198	18199
23162	15647	15648
23163	18459	18462
23164	11167	17038
23165	18156	18158
23166	12155	12158
23167	17702	17703
23168	15670	15674
23169	16270	16279
23170	15678	15679
23171	18030	18031
23172	5445	5454
23173	16712	16735
23174	18367	18370
23175	4261	4264
23176	13884	13889
23177	18506	18507
23178	18061	18062
23179	18135	18138
23180	18086	18088
23181	18489	18490
23182	4815	4885
23183	13906	13909
23184	22673	20103
23185	7098	7099
23186	22188	21149
23187	16679	17792
23188	18045	18047
23189	17130	17132
23190	16694	16697
23191	15496	17490
23192	15979	15980
23193	13369	14282
23194	15918	15919
23195	17807	17811
23196	18041	18043
23197	14347	14348
23198	17516	17518
23199	18639	18642
23200	9746	9748
23201	12435	12436
23202	16284	16287
23203	10703	11373
23204	6819	6822
23205	7843	7926
23206	13080	13081
23207	8789	14879
23208	18521	18524
23209	12054	16509
23210	6774	6780
23211	10459	10460
23212	15669	15672
23213	17472	17979
23214	10553	10556
23215	11040	11043
23216	17909	17911
23217	7835	17379
23218	13826	13827
23219	22704	21169
23220	13327	13341
23221	18081	18083
23222	18065	18068
23223	16375	17287
23224	9516	11307
23225	17350	17352
23226	6143	17205
23227	14733	14741
23228	14913	14914
23229	16506	16507
23230	15827	15830
23231	16796	16797
23232	17948	17950
23233	3470	3482
23234	15423	15424
23235	6172	6179
23236	8525	9578
23237	7682	7683
23238	4038	4039
23239	10735	10757
23240	14718	14894
23241	15118	15119
23242	16754	16756
23243	3567	7503
23244	12673	12675
23245	18013	18015
23246	14036	14594
23247	17667	17669
23248	15562	15568
23249	4106	4113
23250	2368	2389
23251	15955	16109
23252	22676	20780
23253	13001	13002
23254	12131	12970
23255	17392	17396
23256	17749	17750
23257	14234	14235
23258	14431	14432
23259	7922	7924
23260	16919	16920
23261	17580	17581
23262	1770	1771
23263	17764	17766
23264	17578	17579
23265	12993	12998
23266	12416	12429
23267	18092	18094
23268	16624	17294
23269	13251	13254
23270	7995	9558
23271	11121	11124
23272	18076	18127
23273	14870	14872
23274	11628	11632
23275	13657	13661
23276	12507	12508
23277	17698	17700
23278	14526	14528
23279	17313	17671
23280	3477	3478
23281	22109	21653
23282	14502	14507
23283	17216	17217
23284	15950	15951
23285	21614	21252
23286	16458	16459
23287	15400	15403
23288	13809	13810
23289	17361	17364
23290	10289	10291
23291	13294	13296
23292	14443	14445
23293	14322	14323
23294	16482	16483
23295	1704	1710
23296	17534	17535
23297	22397	22078
23298	18599	18600
23299	17601	17607
23300	8381	8383
23301	16008	17091
23302	10996	11003
23303	15072	15074
23304	3	30
23305	17166	17167
23306	12591	12592
23307	11557	11558
23308	22760	21988
23309	15140	15141
23310	8890	8892
23311	13180	13181
23312	15863	15867
23313	4021	13691
23314	9832	13637
23315	16341	16343
23316	16479	16481
23317	18366	18594
23318	17954	17955
23319	3225	3261
23320	17784	17786
23321	13232	13233
23322	15967	16199
23323	15902	15903
23324	13224	13226
23325	15571	15574
23326	3376	13715
23327	15376	17632
23328	12183	12184
23329	15226	15227
23330	5066	15013
23331	16172	16174
23332	15236	15237
23333	8686	16179
23334	8179	8462
23335	11815	11824
23336	16310	16311
23337	16162	16164
23338	18122	18123
23339	14606	14607
23340	16567	16569
23341	22816	21994
23342	14697	14852
23343	14571	14574
23344	17679	17680
23345	15561	15567
23346	14555	14556
23347	13750	13752
23348	5875	11080
23349	8044	8053
23350	12119	12124
23351	14902	14904
23352	17429	17435
23353	491	16793
23354	12586	12587
23355	14247	14248
23356	15752	16381
23357	11073	12497
23358	15602	15603
23359	2881	13910
23360	17476	17478
23361	18165	18167
23362	11618	17162
23363	3393	3399
23364	6820	6821
23365	15926	15927
23366	9427	14050
23367	15528	15529
23368	16476	16477
23369	5057	5061
23370	15739	17104
23371	12920	12922
23372	18531	18533
23373	5926	5929
23374	14717	15493
23375	17639	17640
23376	18647	18649
23377	3394	3396
23378	7840	7975
23379	17061	17062
23380	14220	14230
23381	15780	15782
23382	17298	17299
23383	16980	16981
23384	10435	10437
23385	12033	13885
23386	8586	13828
23387	7662	7670
23388	14644	14645
23389	22599	21810
23390	15129	15131
23391	17486	17489
23392	13404	13405
23393	17488	17744
23394	12803	12805
23395	16525	16526
23396	9502	9503
23397	17653	17654
23398	15332	15333
23399	7898	7905
23400	9497	9498
23401	15985	15986
23402	12065	12073
23403	7900	7901
23404	16571	16572
23405	16356	16358
23406	17717	17718
23407	11072	16436
23408	12746	12747
23409	10855	10856
23410	11848	11860
23411	17584	17585
23412	16191	16198
23413	10020	10025
23414	16975	16976
23415	16383	16384
23416	18346	18348
23417	8268	8273
23418	15964	15965
23419	16127	16128
23420	14265	14266
23421	8432	8437
23422	15356	15831
23423	6487	13527
23424	17966	17967
23425	15123	15124
23426	5219	12506
23427	7777	13177
23428	22081	21483
23429	5797	5817
23430	11447	13011
23431	15238	15240
23432	18223	18224
23433	17614	17615
23434	18196	18201
23435	16129	16130
23436	21841	21258
23437	16163	16165
23438	15703	15705
23439	11260	11265
23440	17432	17436
23441	4175	4223
23442	16794	16795
23443	15412	16830
23444	77	97
23445	17481	17482
23446	18154	18155
23447	14428	14429
23448	9556	10935
23449	14079	14081
23450	14808	16197
23451	11689	11690
23452	16275	16276
23453	14366	14367
23454	14344	14345
23455	11000	11002
23456	18568	18569
23457	12408	12409
23458	15479	15481
23459	11656	16668
23460	17438	17439
23461	17818	17822
23462	232	2286
23463	581	600
23464	12736	12737
23465	16782	16784
23466	16414	16415
23467	16398	16399
23468	16228	16230
23469	15542	15545
23470	9800	9803
23471	16098	16103
23472	15279	15281
23473	12971	12973
23474	8320	14559
23475	9945	9948
23476	3473	3484
23477	8097	8099
23478	22521	22025
23479	13335	13342
23480	15387	15402
23481	14025	15929
23482	17238	17239
23483	22264	21284
23484	14075	14077
23485	14000	14002
23486	10044	10046
23487	14681	14682
23488	17391	17394
23489	14491	14492
23490	17450	17942
23491	14222	14223
23492	12645	18057
23493	10372	10375
23494	11662	17672
23495	12347	12356
23496	15283	15284
23497	12601	12605
23498	13866	13867
23499	13004	13005
23500	14781	14782
23501	22531	22091
23502	11022	15306
23503	13333	13339
23504	17056	17057
23505	15036	15038
23506	13578	16467
23507	6140	17203
23508	14679	15999
23509	15317	15318
23510	9733	9737
23511	11266	15461
23512	17870	17871
23513	16997	16999
23514	17010	17011
23515	12812	12813
23516	3983	3985
23517	13883	17798
23518	17141	17143
23519	13069	13070
23520	11287	11294
23521	13078	16034
23522	10395	10400
23523	12063	12096
23524	4055	4082
23525	5199	15738
23526	15264	15958
23527	15947	15954
23528	16281	16282
23529	18241	18243
23530	2404	2405
23531	12760	16484
23532	5183	14277
23533	11528	17901
23534	17715	17716
23535	15859	15865
23536	13375	14841
23537	6654	6659
23538	15516	15518
23539	11056	11240
23540	4011	4012
23541	12348	12355
23542	11093	17460
23543	3600	3605
23544	15120	15570
23545	16490	16493
23546	8447	12959
23547	1603	14489
23548	21474	21348
23549	16211	16249
23550	4621	11362
23551	15410	15411
23552	13858	15667
23553	15459	15460
23554	16844	16845
23555	3627	14483
23556	547	551
23557	8589	12622
23558	17297	17300
23559	11939	11960
23560	10276	10277
23561	21138	20664
23562	13878	13881
23563	12724	15770
23564	15110	15114
23565	9710	9711
23566	16665	16666
23567	15753	15754
23568	9266	9752
23569	15327	17902
23570	16811	16812
23571	10067	16438
23572	7296	7298
23573	12629	12630
23574	15836	15837
23575	15076	15077
23576	14129	14137
23577	14324	14325
23578	10693	10694
23579	14029	14031
23580	13913	13914
23581	8263	14864
23582	14649	14650
23583	7867	7873
23584	13864	13865
23585	14895	14896
23586	3955	3964
23587	18570	18571
23588	21773	20237
23589	15497	15498
23590	15091	15092
23591	4539	7899
23592	22283	22017
23593	12649	15285
23594	8339	8340
23595	16944	16945
23596	16153	16154
23597	16002	16737
23598	17174	17178
23599	7758	7763
23600	5152	5683
23601	17501	17502
23602	14030	14033
23603	7750	7751
23604	7055	7058
23605	16502	16504
23606	10549	16946
23607	14994	14996
23608	14356	14358
23609	8158	8165
23610	14049	17013
23611	13087	13088
23612	5168	5169
23613	12128	12129
23614	11970	11971
23615	16262	16263
23616	16629	16630
23617	12930	12931
23618	13694	13695
23619	14311	14312
23620	16827	17800
23621	14640	14641
23622	13017	14438
23623	22352	17175
23624	22631	10270
23625	22702	10702
23626	22358	13728
23627	21847	7211
23628	22863	16762
23629	22814	10787
23630	22847	8235
23631	22749	16890
23632	22375	17575
23633	22649	16606
23634	22338	11214
23635	22327	18409
23636	22764	15912
23637	22800	14251
23638	22784	16651
23639	22249	6507
23640	22638	16774
23641	22401	7246
23642	22748	16707
23643	22623	17753
23644	22761	16449
23645	22228	16396
23646	22291	17611
23647	22732	15632
23648	22813	18022
23649	22410	14121
23650	22746	17007
23651	22712	16269
23652	22668	16344
23653	22627	17406
23654	22388	13795
23655	22819	14402
23656	22728	6900
23657	22798	12373
23658	22311	18718
23659	21442	8449
23660	22437	15994
23661	22737	15370
23662	22695	14300
23663	22234	16970
23664	22337	15811
23665	22626	13116
23666	22698	13622
23667	22633	18396
23668	21039	17988
23669	22868	17115
23670	22696	13118
23671	22845	13096
23672	22121	13196
23673	22824	14795
23674	21866	11319
23675	22221	14999
23676	22392	17327
23677	22447	14003
23678	22150	13998
23679	22434	9547
23680	22288	17112
23681	22859	17086
23682	22839	4000
23683	22919	10829
23684	18614	18615
23685	15721	17309
23686	18500	18501
23687	18433	18434
23688	10049	10051
23689	14110	14113
23690	14545	17380
23691	18580	18581
23692	22994	22043
23693	240	2271
23694	18368	18369
23695	14218	14219
23696	18323	18325
23697	14714	14715
23698	16147	16148
23699	18028	18029
23700	13228	13230
23701	13358	17228
23702	18268	18269
23703	13472	13473
23704	18390	18391
23705	9500	9504
23706	17422	17423
23707	22503	21890
23708	18248	18249
23709	15505	15507
23710	18228	18230
23711	9811	11610
23712	18246	18247
23713	8601	10848
23714	18402	18403
23715	18296	18297
23716	17840	17842
23717	18730	18731
23718	18714	18715
23719	16815	16818
23720	12476	12478
23721	16633	16635
23722	18054	18055
23723	12924	12926
23724	18416	18418
23725	17444	17445
23726	21777	21052
23727	18341	18343
23728	11081	11082
23729	11347	13927
23730	10516	10520
23731	18336	18338
23732	16032	16033
23733	17944	17946
23734	17991	17992
23735	18372	18373
23736	18452	18453
23737	13012	16015
23738	12632	12634
23739	16386	16390
23740	18555	18556
23741	22413	22077
23742	16469	16470
23743	14500	14503
23744	17637	17638
23745	18601	18602
23746	16367	16368
23747	14833	16411
23748	16298	16300
23749	18764	18765
23750	18438	18439
23751	10056	11336
23752	18540	18542
23753	17356	17357
23754	17810	17813
23755	16214	16215
23756	18216	18217
23757	14912	14915
23758	10355	10357
23759	17530	17862
23760	18285	18287
23761	17211	17212
23762	10886	10894
23763	17872	17873
23764	4144	17244
23765	12988	12989
23766	4311	4312
23767	18073	18074
23768	23219	20567
23769	18632	18633
23770	5687	8478
23771	12581	12582
23772	12443	12446
23773	18746	18747
23774	17687	17688
23775	11482	11486
23776	8391	8392
23777	18231	18232
23778	11250	11254
23779	15405	15407
23780	3391	3397
23781	10664	10665
23782	22793	22094
23783	18008	18010
23784	18445	18447
23785	16091	16092
23786	16072	17676
23787	10680	10689
23788	17315	17571
23789	18733	18735
23790	22821	22393
23791	13839	13840
23792	18033	18035
23793	10972	10974
23794	16938	16939
23795	15413	17378
23796	16791	16792
23797	16176	16177
23798	12105	12108
23799	14809	14810
23800	12588	12589
23801	18003	18004
23802	18527	18528
23803	9939	9941
23804	11629	11637
23805	17599	17600
23806	11749	16280
23807	15623	15625
23808	11358	16680
23809	18066	18067
23810	17732	17733
23811	15710	15711
23812	18140	18340
23813	22445	22100
23814	23142	21491
23815	17928	17929
23816	18685	18686
23817	16969	17682
23818	18478	18479
23819	16960	16961
23820	16403	16405
23821	14509	14510
23822	18558	18559
23823	16998	17000
23824	16837	16838
23825	11740	11741
23826	17648	17649
23827	18603	18604
23828	13643	13645
23829	17134	17138
23830	18017	18019
23831	15503	15504
23832	14876	14877
23833	18496	18497
23834	15748	17210
23835	10465	16942
23836	14026	15729
23837	17044	17045
23838	7992	7994
23839	12182	12185
23840	17931	17932
23841	17843	17844
23842	13449	13550
23843	23592	22888
23844	17939	17940
23845	18682	18683
23846	17046	17047
23847	15700	15828
23848	17469	17471
23849	18710	18711
23850	5258	5266
23851	12635	12636
23852	16334	16335
23853	12420	12422
23854	15819	18037
23855	22917	21748
23856	18563	18564
23857	11342	11355
23858	17823	17825
23859	16029	16030
23860	22996	22071
23861	14698	14704
23862	7832	7836
23863	10874	10879
23864	11387	11389
23865	8087	9845
23866	17724	17725
23867	12114	12115
23868	16520	16521
23869	15591	17452
23870	15969	15971
23871	17076	17079
23872	22970	22308
23873	18480	18482
23874	7998	7999
23875	18146	18148
23876	17425	17426
23877	17865	17866
23878	22173	21915
23879	16864	16865
23880	10126	10128
23881	18117	18119
23882	17473	17474
23883	11600	12391
23884	18132	18133
23885	10717	10719
23886	17418	17420
23887	18333	18335
23888	1937	13266
23889	8126	17229
23890	15587	17170
23891	13398	15821
23892	15615	15616
23893	4634	4635
23894	17511	17513
23895	14667	14668
23896	16688	16690
23897	18326	18327
23898	15736	15737
23899	18316	18318
23900	7685	7724
23901	17962	17964
23902	17834	17835
23903	15517	16369
23904	17971	17972
23905	17827	17828
23906	8587	12661
23907	7702	7710
23908	14897	14898
23909	11682	11685
23910	14102	14103
23911	23387	22686
23912	18304	18306
23913	17098	17099
23914	23911	22680
23915	13834	13836
23916	17372	17375
23917	18517	18520
23918	17898	17900
23919	18702	18705
23920	11436	11437
23921	17677	17678
23922	18200	18203
23923	625	14892
23924	15996	15997
23925	13832	13833
23926	7666	7669
23927	18288	18289
23928	2855	2866
23929	12406	12407
23930	18270	18273
23931	8902	8905
23932	18208	18210
23933	22708	21921
23934	17774	17775
23935	18181	18182
23936	14269	14270
23937	13397	14283
23938	22230	21891
23939	16075	16076
23940	17646	17647
23941	8167	8169
23942	11395	11398
23943	10111	10123
23944	11698	11699
23945	18129	18131
23946	18656	18657
23947	18491	18492
23948	10934	10941
23949	12008	12018
23950	3677	8488
23951	15170	15171
23952	15525	15527
23953	15485	16615
23954	18692	18693
23955	9474	9478
23956	14941	14942
23957	8297	8298
23958	16178	16180
23959	21360	21325
23960	18422	18424
23961	18236	18237
23962	18038	18040
23963	17119	17120
23964	12418	12419
23965	18142	18143
23966	11350	11351
23967	16265	16266
23968	17292	17293
23969	18646	18648
23970	7693	17382
23971	17777	17778
23972	18185	18186
23973	4945	15014
23974	18742	18743
23975	18014	18016
23976	22527	22380
23977	9573	9574
23978	15784	15786
23979	13349	13351
23980	6588	6589
23981	11999	12002
23982	8366	8369
23983	10637	10639
23984	18136	18137
23985	4276	4282
23986	12147	12149
23987	9338	9344
23988	18695	18697
23989	22877	22294
23990	16285	16286
23991	18621	18622
23992	8079	12440
23993	17105	17107
23994	11595	11597
23995	17603	17604
23996	13048	18051
23997	7847	7849
23998	16841	16842
23999	11291	11303
24000	22618	21674
24001	16448	16453
24002	7712	8061
24003	17891	17892
24004	8037	8038
24005	10710	10711
24006	16065	16066
24007	11027	16866
24008	17454	17457
24009	17787	17788
24010	17721	17722
24011	12663	12664
24012	9815	9816
24013	18312	18314
24014	14155	14156
24015	18677	18678
24016	6069	16739
24017	10280	14725
24018	18522	18523
24019	16155	16157
24020	23726	23011
24021	15506	15508
24022	17590	17591
24023	16988	16990
24024	73	1551
24025	18080	18082
24026	17737	17740
24027	18706	18708
24028	14869	14871
24029	18505	18508
24030	13291	15656
24031	18587	18589
24032	18547	18548
24033	15121	15122
24034	14777	14778
24035	6817	6818
24036	13818	13819
24037	12674	12676
24038	8005	8006
24039	16985	17690
24040	11021	17498
24041	16882	16883
24042	14884	14885
24043	18211	18213
24044	17032	17033
24045	15832	15833
24046	13566	13569
24047	15417	15418
24048	17983	17984
24049	13812	13814
24050	2828	2829
24051	14313	14318
24052	1485	17867
24053	15899	15900
24054	15338	15339
24055	16921	16922
24056	10507	10510
24057	13256	13258
24058	16689	16691
24059	8960	8968
24060	13676	13677
24061	16523	16524
24062	15892	15895
24063	16933	16934
24064	17549	17550
24065	16937	16940
24066	13680	13683
24067	10730	10731
24068	14712	14713
24069	13089	15740
24070	22157	22085
24071	1620	1623
24072	12777	12779
24073	17345	17346
24074	17876	17878
24075	11850	11851
24076	14548	14549
24077	12596	12598
24078	14151	14166
24079	7853	7855
24080	23133	21431
24081	16643	16644
24082	15642	15643
24083	17874	17875
24084	17933	17934
24085	17882	17883
24086	11654	11655
24087	13722	13723
24088	11376	11377
24089	2463	2477
24090	16798	16799
24091	18234	18238
24092	8526	11020
24093	16924	16925
24094	22055	21828
24095	16527	17543
24096	17051	17054
24097	22511	21620
24098	15589	17020
24099	7676	7677
24100	12509	12513
24101	16967	16968
24102	5528	5533
24103	17619	17620
24104	8932	8933
24105	17560	17561
24106	5221	5222
24107	13441	13444
24108	11626	11631
24109	5657	17525
24110	10082	10084
24111	18070	18301
24112	11331	11332
24113	16515	16516
24114	18511	18514
24115	14342	17641
24116	16772	16773
24117	17466	17467
24118	18460	18461
24119	10305	14153
24120	6993	6996
24121	15654	15655
24122	14515	14516
24123	16316	16317
24124	14928	17920
24125	10659	10660
24126	16819	16822
24127	14390	14391
24128	15861	15862
24129	17597	17598
24130	22379	17731
24131	23157	12559
24132	22636	17947
24133	23270	8010
24134	22736	15430
24135	23124	17832
24136	23072	14499
24137	23190	16695
24138	22771	18532
24139	23397	17655
24140	23131	15199
24141	23134	14651
24142	23178	18060
24143	22494	14227
24144	22297	9969
24145	23140	18727
24146	22552	16240
24147	22835	1055
24148	22655	18640
24149	22834	13465
24150	23086	17628
24151	23549	16213
24152	22542	10146
24153	23552	15666
24154	22999	7275
24155	22678	15645
24156	23415	16382
24157	23236	9579
24158	23085	18078
24159	23424	17970
24160	21884	13244
24161	23263	17765
24162	23049	4034
24163	22972	14855
24164	22557	14614
24165	22833	12901
24166	22453	14580
24167	23256	17746
24168	22097	15394
24169	23007	16947
24170	22812	15539
24171	23096	17412
24172	23180	18090
24173	23778	11251
24174	23706	17421
24175	23171	18032
24176	23721	16634
24177	22770	15988
24178	22738	18166
24179	22621	16190
24180	23103	14690
24181	22406	12788
24182	22349	13790
24183	23041	17793
24184	22682	12580
24185	22404	8290
24186	23732	16035
24187	21939	13741
24188	23383	16982
24189	23040	13107
24190	23284	15751
24191	23765	12990
24192	23118	15968
24193	4939	4951
24194	15698	15699
24195	18253	18254
24196	10655	10657
24197	4944	4992
24198	1701	1722
24199	18162	18163
24200	17393	17397
24201	14889	14890
24202	16677	16681
24203	1990	2010
24204	11119	11122
24205	16455	16456
24206	16226	16229
24207	11125	11126
24208	16594	16595
24209	15352	15353
24210	16699	16700
24211	17893	17895
24212	14135	14136
24213	13175	13176
24214	17985	17986
24215	17386	17387
24216	15717	15718
24217	22980	22713
24218	23515	22253
24219	10684	10692
24220	15225	15229
24221	22061	22051
24222	15468	15469
24223	22697	22032
24224	11650	11651
24225	23237	22448
24226	6194	6199
24227	15982	15984
24228	11363	11366
24229	9836	9839
24230	1708	1723
24231	10475	10476
24232	4933	4935
24233	17440	17441
24234	17063	17064
24235	12066	12076
24236	16596	16597
24237	18561	18562
24238	15789	15791
24239	15324	15325
24240	9807	9808
24241	23627	22108
24242	17650	17652
24243	6985	6986
24244	17462	17465
24245	14169	14170
24246	12450	12451
24247	22140	22125
24248	17109	17110
24249	17461	17464
24250	8102	8106
24251	6978	6979
24252	22478	22361
24253	8389	8390
24254	3950	3953
24255	15533	15534
24256	4943	4982
24257	3618	3622
24258	22660	22067
24259	16387	16391
24260	18577	18578
24261	18174	18175
24262	8294	8295
24263	15794	15797
24264	9801	9804
24265	22583	22301
24266	11378	11379
24267	22986	22720
24268	3389	3395
24269	3994	4001
24270	9732	9736
24271	17259	17261
24272	15242	15244
24273	17395	17398
24274	15704	15706
24275	17089	17090
24276	5208	5209
24277	18219	18221
24278	16252	16253
24279	17582	17583
24280	11374	11375
24281	23176	22383
24282	9580	9581
24283	17001	17002
24284	16616	16617
24285	22745	22153
24286	18191	18192
24287	15487	15488
24288	12934	12935
24289	22110	21662
24290	14770	14771
24291	13601	13602
24292	14672	14673
24293	22206	22143
24294	12218	12219
24295	17427	17430
24296	16134	16135
24297	23461	21694
24298	12669	12670
24299	16354	16355
24300	23485	22119
24301	16627	16628
24302	1988	2004
24303	16678	16682
24304	13183	13186
24305	22804	22433
24306	22573	22377
24307	4143	4145
24308	17027	17029
24309	14087	14088
24310	23676	22449
24311	17958	17959
24312	15896	15897
24313	22707	22342
24314	13058	13060
24315	5689	5691
24316	18351	18352
24317	11231	11233
24318	9354	9357
24319	9466	9467
24320	17657	17658
24321	17359	17360
24322	8994	9025
24323	17125	17126
24324	15108	15115
24325	23578	22028
24326	12754	12755
24327	23613	22507
24328	18419	18421
24329	24146	22295
24330	22925	22774
24331	17204	17206
24332	22987	22652
24333	16491	16492
24334	13778	13779
24335	22943	22756
24336	16412	16413
24337	17857	17859
24338	23448	22825
24339	17925	17927
24340	24267	22189
24341	15422	15425
24342	4705	4727
24343	18321	18322
24344	11542	11543
24345	9583	9584
24346	17587	17588
24347	16143	16144
24348	23878	21123
24349	23358	22419
24350	23503	23220
